<?xml version="1.0" encoding="utf-8"?>
<COLLADA xmlns="http://www.collada.org/2005/11/COLLADASchema" version="1.4.1">
  <asset>
    <contributor>
      <author>Mixamo</author>
      <authoring_tool>COLLADA Mixamo exporter</authoring_tool>
      <comments/>
    </contributor>
    <created>2024-04-10T23:47:37Z</created>
    <modified>2024-04-10T23:47:37Z</modified>
    <revision/>
    <title/>
    <unit meter="0.010000"/>
    <up_axis>Y_UP</up_axis>
  </asset>
  <library_animations>
    <animation id="mixamorig_Hips-anim" name="mixamorig_Hips">
      <source id="mixamorig_Hips-Matrix-animation-input">
        <float_array id="mixamorig_Hips-Matrix-animation-input-array" count="372">

0.000000 0.033333 0.066667 0.100000 0.133333 0.166667 0.200000 0.233333 0.266667 0.300000 0.333333 0.366667 0.400000 0.433333 0.466667 0.500000
0.533333 0.566667 0.600000 0.633333 0.666667 0.700000 0.733333 0.766667 0.800000 0.833333 0.866667 0.900000 0.933333 0.966667 1.000000 1.033333
1.066667 1.100000 1.133333 1.166667 1.200000 1.233333 1.266667 1.300000 1.333333 1.366667 1.400000 1.433333 1.466667 1.500000 1.533333 1.566667
1.600000 1.633333 1.666667 1.700000 1.733333 1.766667 1.800000 1.833333 1.866667 1.900000 1.933333 1.966667 2.000000 2.033333 2.066667 2.100000
2.133333 2.166667 2.200000 2.233333 2.266667 2.300000 2.333333 2.366667 2.400000 2.433333 2.466667 2.500000 2.533333 2.566667 2.600000 2.633333
2.666667 2.700000 2.733333 2.766667 2.800000 2.833333 2.866667 2.900000 2.933333 2.966667 3.000000 3.033333 3.066667 3.100000 3.133333 3.166667
3.200000 3.233333 3.266667 3.300000 3.333333 3.366667 3.400000 3.433333 3.466667 3.500000 3.533333 3.566667 3.600000 3.633333 3.666667 3.700000
3.733333 3.766667 3.800000 3.833333 3.866667 3.900000 3.933333 3.966667 4.000000 4.033333 4.066667 4.100000 4.133333 4.166667 4.200000 4.233333
4.266667 4.300000 4.333333 4.366667 4.400000 4.433333 4.466667 4.500000 4.533333 4.566667 4.600000 4.633333 4.666667 4.700000 4.733333 4.766667
4.800000 4.833333 4.866667 4.900000 4.933333 4.966667 5.000000 5.033333 5.066667 5.100000 5.133333 5.166667 5.200000 5.233333 5.266667 5.300000
5.333333 5.366667 5.400000 5.433333 5.466667 5.500000 5.533333 5.566667 5.600000 5.633333 5.666667 5.700000 5.733333 5.766667 5.800000 5.833333
5.866667 5.900000 5.933333 5.966667 6.000000 6.033333 6.066667 6.100000 6.133333 6.166667 6.200000 6.233333 6.266667 6.300000 6.333333 6.366667
6.400000 6.433333 6.466667 6.500000 6.533333 6.566667 6.600000 6.633333 6.666667 6.700000 6.733333 6.766667 6.800000 6.833333 6.866667 6.900000
6.933333 6.966667 7.000000 7.033333 7.066667 7.100000 7.133333 7.166667 7.200000 7.233333 7.266667 7.300000 7.333333 7.366667 7.400000 7.433333
7.466667 7.500000 7.533333 7.566667 7.600000 7.633333 7.666667 7.700000 7.733333 7.766667 7.800000 7.833333 7.866667 7.900000 7.933333 7.966667
8.000000 8.033333 8.066667 8.100000 8.133333 8.166667 8.200000 8.233333 8.266667 8.300000 8.333333 8.366667 8.400000 8.433333 8.466667 8.500000
8.533333 8.566667 8.600000 8.633333 8.666667 8.700000 8.733333 8.766667 8.800000 8.833333 8.866667 8.900000 8.933333 8.966667 9.000000 9.033333
9.066667 9.100000 9.133333 9.166667 9.200000 9.233333 9.266667 9.300000 9.333333 9.366667 9.400000 9.433333 9.466667 9.500000 9.533333 9.566667
9.600000 9.633333 9.666667 9.700000 9.733333 9.766667 9.800000 9.833333 9.866667 9.900000 9.933333 9.966667 10.000000 10.033333 10.066667 10.100000
10.133333 10.166667 10.200000 10.233333 10.266667 10.300000 10.333333 10.366667 10.400000 10.433333 10.466667 10.500000 10.533333 10.566667 10.600000 10.633333
10.666667 10.700000 10.733333 10.766667 10.800000 10.833333 10.866667 10.900000 10.933333 10.966667 11.000000 11.033333 11.066667 11.100000 11.133333 11.166667
11.200000 11.233333 11.266667 11.300000 11.333333 11.366667 11.400000 11.433333 11.466667 11.500000 11.533333 11.566667 11.600000 11.633333 11.666667 11.700000
11.733333 11.766667 11.800000 11.833333 11.866667 11.900000 11.933333 11.966667 12.000000 12.033333 12.066667 12.100000 12.133333 12.166667 12.200000 12.233333
12.266667 12.300000 12.333333 12.366667</float_array>
        <technique_common>
          <accessor source="#mixamorig_Hips-Matrix-animation-input-array" count="372">
            <param name="TIME" type="float"/>
          </accessor>
        </technique_common>
      </source>
      <source id="mixamorig_Hips-Matrix-animation-output-transform">
        <float_array id="mixamorig_Hips-Matrix-animation-output-transform-array" count="5952">

0.994159 0.057788 -0.091155 0.177791 -0.051948 0.996520 0.065194 98.243240 0.094605 -0.060078 0.993700 -0.410003 0.000000 0.000000 0.000000 1.000000
0.995185 0.046607 -0.086225 -0.024958 -0.041209 0.997140 0.063354 98.114883 0.088931 -0.059496 0.994259 -0.274955 0.000000 0.000000 0.000000 1.000000
0.996115 0.034757 -0.080913 -0.247004 -0.029755 0.997619 0.062222 97.970047 0.082883 -0.059573 0.994777 -0.123665 0.000000 0.000000 0.000000 1.000000
0.996898 0.021865 -0.075611 -0.485563 -0.017207 0.997945 0.061716 97.807076 0.076805 -0.060223 0.995226 0.042259 0.000000 0.000000 0.000000 1.000000
0.997465 0.007701 -0.070742 -0.736559 -0.003331 0.998090 0.061691 97.630394 0.071082 -0.061299 0.995585 0.215688 0.000000 0.000000 0.000000 1.000000
0.997752 -0.007079 -0.066641 -1.007578 0.011223 0.998012 0.062020 97.448433 0.066069 -0.062629 0.995848 0.392629 0.000000 0.000000 0.000000 1.000000
0.997746 -0.020963 -0.063753 -1.323711 0.024970 0.997719 0.062716 97.259827 0.062293 -0.064166 0.995993 0.590602 0.000000 0.000000 0.000000 1.000000
0.997444 -0.033485 -0.063118 -1.701978 0.037523 0.997250 0.063909 97.051682 0.060804 -0.066114 0.995958 0.839425 0.000000 0.000000 0.000000 1.000000
0.996657 -0.047386 -0.066549 -2.126825 0.051749 0.996514 0.065437 96.822289 0.063216 -0.068662 0.995635 1.113064 0.000000 0.000000 0.000000 1.000000
0.994931 -0.066502 -0.075435 -2.592093 0.071503 0.995277 0.065655 96.595612 0.070713 -0.070716 0.994987 1.245278 0.000000 0.000000 0.000000 1.000000
0.992283 -0.088248 -0.087106 -3.197069 0.093705 0.993750 0.060674 96.369003 0.081207 -0.068368 0.994350 0.954180 0.000000 0.000000 0.000000 1.000000
0.990959 -0.099374 -0.090142 -4.152238 0.103901 0.993477 0.046987 96.022514 0.084884 -0.055928 0.994820 0.025249 0.000000 0.000000 0.000000 1.000000
0.994309 -0.084925 -0.064325 -5.587161 0.086707 0.995909 0.025435 95.336555 0.061902 -0.030867 0.997605 -1.481035 0.000000 0.000000 0.000000 1.000000
0.998969 -0.044697 0.007978 -7.317081 0.044706 0.999000 -0.000988 94.241119 -0.007926 0.001344 0.999968 -3.215238 0.000000 0.000000 0.000000 1.000000
0.992682 0.001611 0.120744 -8.908119 0.001938 0.999570 -0.029265 93.159500 -0.120739 0.029285 0.992252 -4.779061 0.000000 0.000000 0.000000 1.000000
0.971150 0.031651 0.236359 -10.052715 -0.019810 0.998434 -0.052308 92.866058 -0.237645 0.046117 0.970257 -6.005619 0.000000 0.000000 0.000000 1.000000
0.949910 0.041679 0.309732 -10.697651 -0.022323 0.997585 -0.065777 93.779320 -0.311725 0.055569 0.948546 -6.897447 0.000000 0.000000 0.000000 1.000000
0.946246 0.041679 0.320752 -10.930109 -0.018309 0.996975 -0.075534 95.679649 -0.322930 0.065601 0.944147 -7.499042 0.000000 0.000000 0.000000 1.000000
0.959015 0.038017 0.280794 -10.701903 -0.014088 0.996130 -0.086750 97.905479 -0.283006 0.079239 0.955839 -7.797338 0.000000 0.000000 0.000000 1.000000
0.975473 0.026073 0.218571 -9.888299 -0.005029 0.995341 -0.096290 99.851364 -0.220063 0.092829 0.971059 -7.830913 0.000000 0.000000 0.000000 1.000000
0.987102 0.002437 0.160075 -8.451832 0.013379 0.995131 -0.097647 101.087845 -0.159534 0.098529 0.982263 -7.623556 0.000000 0.000000 0.000000 1.000000
0.992600 -0.023280 0.119179 -6.520402 0.033656 0.995743 -0.085807 101.412407 -0.116674 0.089183 0.989158 -7.127617 0.000000 0.000000 0.000000 1.000000
0.994193 -0.039831 0.099971 -4.376898 0.046193 0.996997 -0.062148 100.654297 -0.097196 0.066405 0.993047 -6.149018 0.000000 0.000000 0.000000 1.000000
0.994614 -0.044089 0.093799 -2.210058 0.047876 0.998111 -0.038512 98.953072 -0.091923 0.042796 0.994846 -4.741537 0.000000 0.000000 0.000000 1.000000
0.995924 -0.049424 0.075449 -0.112054 0.051728 0.998243 -0.028897 96.639191 -0.073888 0.032682 0.996731 -3.350053 0.000000 0.000000 0.000000 1.000000
0.997483 -0.069941 0.011639 1.809802 0.070316 0.996887 -0.035669 94.089966 -0.009108 0.036398 0.999296 -2.602826 0.000000 0.000000 0.000000 1.000000
0.989010 -0.101231 -0.107754 3.332179 0.096175 0.994050 -0.051138 91.648895 0.112289 0.040213 0.992862 -2.842715 0.000000 0.000000 0.000000 1.000000
0.962792 -0.119077 -0.242594 4.232214 0.106775 0.992267 -0.063291 89.663246 0.248255 0.035033 0.968061 -3.908961 0.000000 0.000000 0.000000 1.000000
0.939476 -0.104450 -0.326306 4.416170 0.089357 0.994133 -0.060949 88.544998 0.330758 0.028102 0.943297 -5.290194 0.000000 0.000000 0.000000 1.000000
0.944569 -0.062506 -0.322307 3.917768 0.048940 0.997548 -0.050030 88.432541 0.324643 0.031483 0.945312 -6.448452 0.000000 0.000000 0.000000 1.000000
0.967923 -0.013683 -0.250875 2.749117 0.001650 0.998841 -0.048113 89.192543 0.251243 0.046155 0.966823 -7.052662 0.000000 0.000000 0.000000 1.000000
0.984780 0.029075 -0.171357 0.852701 -0.039473 0.997560 -0.057590 90.701927 0.169265 0.063478 0.983524 -7.072482 0.000000 0.000000 0.000000 1.000000
0.989514 0.067320 -0.127791 -1.751198 -0.076617 0.994650 -0.069287 92.814949 0.122443 0.078351 0.989378 -6.729933 0.000000 0.000000 0.000000 1.000000
0.988061 0.103065 -0.114515 -4.865254 -0.112827 0.990200 -0.082301 95.166260 0.104911 0.094239 0.990006 -6.286274 0.000000 0.000000 0.000000 1.000000
0.986950 0.126921 -0.099101 -8.213720 -0.137135 0.985062 -0.104143 97.160660 0.084402 0.116374 0.989613 -5.778135 0.000000 0.000000 0.000000 1.000000
0.989954 0.126565 -0.063026 -11.483888 -0.134168 0.981536 -0.136330 98.154175 0.044607 0.143417 0.988657 -4.983798 0.000000 0.000000 0.000000 1.000000
0.994366 0.105254 -0.012545 -14.416118 -0.105882 0.980730 -0.164188 97.741089 -0.004979 0.164591 0.986349 -3.632384 0.000000 0.000000 0.000000 1.000000
0.995657 0.084540 0.038975 -16.869690 -0.076875 0.982797 -0.167932 96.116508 -0.052502 0.164206 0.985028 -1.821945 0.000000 0.000000 0.000000 1.000000
0.992723 0.083636 0.086635 -18.914242 -0.070941 0.987541 -0.140464 93.878456 -0.097304 0.133296 0.986288 -0.130533 0.000000 0.000000 0.000000 1.000000
0.986709 0.096779 0.130533 -20.767773 -0.085020 0.992044 -0.092844 91.737823 -0.138480 0.080513 0.987087 0.770107 0.000000 0.000000 0.000000 1.000000
0.980960 0.100809 0.165999 -22.480068 -0.094250 0.994441 -0.046951 90.223755 -0.169810 0.030412 0.985008 0.675634 0.000000 0.000000 0.000000 1.000000
0.979023 0.083571 0.185822 -23.829796 -0.080935 0.996482 -0.021738 89.604416 -0.186985 0.006242 0.982343 -0.060970 0.000000 0.000000 0.000000 1.000000
0.980135 0.057750 0.189737 -24.560167 -0.054209 0.998246 -0.023803 89.929039 -0.190779 0.013045 0.981546 -0.957748 0.000000 0.000000 0.000000 1.000000
0.981318 0.045375 0.186966 -24.573927 -0.037416 0.998246 -0.045879 91.098244 -0.188719 0.038026 0.981295 -1.775134 0.000000 0.000000 0.000000 1.000000
0.981276 0.050330 0.185915 -23.952345 -0.036671 0.996419 -0.076193 92.921036 -0.189084 0.067948 0.979607 -2.492475 0.000000 0.000000 0.000000 1.000000
0.981396 0.054192 0.184188 -22.840797 -0.034230 0.993356 -0.109877 95.136909 -0.188919 0.101528 0.976730 -3.123151 0.000000 0.000000 0.000000 1.000000
0.984255 0.039311 0.172327 -21.301451 -0.013946 0.989186 -0.145999 97.395790 -0.176203 0.141297 0.974160 -3.618542 0.000000 0.000000 0.000000 1.000000
0.989105 0.009765 0.146885 -19.240522 0.016730 0.983877 -0.178064 99.311539 -0.146256 0.178582 0.972994 -3.842507 0.000000 0.000000 0.000000 1.000000
0.992979 -0.012676 0.117606 -16.551819 0.035374 0.980565 -0.192980 100.500694 -0.112874 0.195785 0.974129 -3.600659 0.000000 0.000000 0.000000 1.000000
0.995263 -0.013975 0.096211 -13.357193 0.031465 0.982654 -0.182760 100.585350 -0.091988 0.184921 0.978439 -2.696306 0.000000 0.000000 0.000000 1.000000
0.997017 -0.004751 0.077031 -10.075183 0.016668 0.987802 -0.154819 99.577141 -0.075356 0.155642 0.984935 -1.159734 0.000000 0.000000 0.000000 1.000000
0.999064 -0.010919 0.041865 -7.219881 0.015949 0.992431 -0.121766 97.829475 -0.040218 0.122320 0.991676 0.604241 0.000000 0.000000 0.000000 1.000000
0.998993 -0.043805 -0.009749 -5.216299 0.042762 0.995084 -0.089325 95.858833 0.013614 0.088818 0.995955 1.879169 0.000000 0.000000 0.000000 1.000000
0.995510 -0.084530 -0.042604 -4.183266 0.081994 0.994937 -0.058117 94.069328 0.047300 0.054363 0.997400 2.108530 0.000000 0.000000 0.000000 1.000000
0.994614 -0.102542 -0.015086 -3.830045 0.102053 0.994320 -0.030227 92.705467 0.018100 0.028524 0.999429 1.363453 0.000000 0.000000 0.000000 1.000000
0.993404 -0.089446 0.071752 -3.726679 0.091072 0.995649 -0.019706 91.838425 -0.069677 0.026110 0.997228 0.231692 0.000000 0.000000 0.000000 1.000000
0.984353 -0.065036 0.163765 -3.640581 0.071892 0.996752 -0.036284 91.488541 -0.160873 0.047490 0.985832 -0.848024 0.000000 0.000000 0.000000 1.000000
0.978229 -0.052100 0.200881 -3.483515 0.065960 0.995836 -0.062923 91.686569 -0.196767 0.074803 0.977593 -1.824574 0.000000 0.000000 0.000000 1.000000
0.983689 -0.058055 0.170254 -3.110796 0.072740 0.994030 -0.081320 92.568939 -0.164516 0.092378 0.982039 -2.727993 0.000000 0.000000 0.000000 1.000000
0.991195 -0.078015 0.106983 -2.319087 0.088183 0.991673 -0.093858 94.304726 -0.098770 0.102466 0.989821 -3.446700 0.000000 0.000000 0.000000 1.000000
0.992963 -0.104858 0.055032 -0.925977 0.110367 0.987887 -0.109080 96.713036 -0.042928 0.114386 0.992508 -3.744317 0.000000 0.000000 0.000000 1.000000
0.991011 -0.130360 0.030045 1.050111 0.133094 0.983441 -0.123006 99.170105 -0.013513 0.125899 0.991951 -3.427011 0.000000 0.000000 0.000000 1.000000
0.989420 -0.143891 0.018536 3.323748 0.145080 0.981728 -0.123135 100.922523 -0.000479 0.124521 0.992217 -2.482288 0.000000 0.000000 0.000000 1.000000
0.990288 -0.139022 0.001352 5.496668 0.138394 0.984791 -0.105045 101.518547 0.013272 0.104212 0.994467 -1.125474 0.000000 0.000000 0.000000 1.000000
0.992020 -0.121985 -0.031884 7.378353 0.119229 0.989844 -0.077413 100.943306 0.041003 0.072994 0.996489 0.229865 0.000000 0.000000 0.000000 1.000000
0.990425 -0.108740 -0.085048 9.050290 0.104371 0.993058 -0.054237 99.458069 0.090355 0.044841 0.994900 1.070838 0.000000 0.000000 0.000000 1.000000
0.981075 -0.111804 -0.158089 10.642134 0.105607 0.993292 -0.047098 97.341652 0.162294 0.029511 0.986301 1.004331 0.000000 0.000000 0.000000 1.000000
0.962338 -0.124804 -0.241514 12.080428 0.113514 0.991713 -0.060166 94.885605 0.247022 0.030485 0.968530 -0.014406 0.000000 0.000000 0.000000 1.000000
0.941150 -0.127393 -0.313061 13.140444 0.106068 0.990779 -0.084304 92.462715 0.320914 0.046137 0.945984 -1.646722 0.000000 0.000000 0.000000 1.000000
0.930976 -0.106551 -0.349186 13.654512 0.074990 0.991879 -0.102729 90.516922 0.357296 0.069453 0.931405 -3.358807 0.000000 0.000000 0.000000 1.000000
0.937077 -0.069051 -0.342226 13.599151 0.033434 0.993489 -0.108909 89.371391 0.347518 0.090614 0.933285 -4.697021 0.000000 0.000000 0.000000 1.000000
0.951061 -0.031954 -0.307345 12.954903 -0.001657 0.994097 -0.108480 89.261635 0.308998 0.103681 0.945395 -5.431069 0.000000 0.000000 0.000000 1.000000
0.962504 -0.002375 -0.271255 11.672113 -0.028241 0.993650 -0.108910 90.428986 0.269792 0.112487 0.956326 -5.581940 0.000000 0.000000 0.000000 1.000000
0.968248 0.024723 -0.248768 9.773270 -0.055361 0.991596 -0.116929 92.843941 0.243786 0.126988 0.961479 -5.356200 0.000000 0.000000 0.000000 1.000000
0.971272 0.052170 -0.232182 7.360567 -0.085555 0.986990 -0.136126 95.922638 0.222059 0.152080 0.963100 -4.996538 0.000000 0.000000 0.000000 1.000000
0.976142 0.071900 -0.204882 4.544419 -0.106089 0.981217 -0.161113 98.691574 0.189450 0.179005 0.965436 -4.579232 0.000000 0.000000 0.000000 1.000000
0.984245 0.072768 -0.161140 1.456726 -0.101383 0.978943 -0.177176 100.379089 0.144855 0.190721 0.970898 -3.938904 0.000000 0.000000 0.000000 1.000000
0.992385 0.053756 -0.110829 -1.647317 -0.072345 0.982575 -0.171211 100.693382 0.099694 0.177926 0.978981 -2.813970 0.000000 0.000000 0.000000 1.000000
0.997306 0.029057 -0.067353 -4.519987 -0.038621 0.988624 -0.145364 99.855469 0.062363 0.147574 0.987083 -1.258971 0.000000 0.000000 0.000000 1.000000
0.999264 0.018875 -0.033387 -7.069380 -0.022546 0.993310 -0.113253 98.358459 0.031026 0.113922 0.993005 0.175899 0.000000 0.000000 0.000000 1.000000
0.999548 0.030065 0.000380 -9.494769 -0.029923 0.995894 -0.085441 96.633186 -0.002948 0.085391 0.996343 0.832573 0.000000 0.000000 0.000000 1.000000
0.997912 0.048664 0.042474 -11.903846 -0.045759 0.996712 -0.066874 94.889130 -0.045589 0.064790 0.996857 0.495230 0.000000 0.000000 0.000000 1.000000
0.994518 0.054286 0.089370 -14.043892 -0.049078 0.997022 -0.059480 93.150230 -0.092333 0.054768 0.994221 -0.459734 0.000000 0.000000 0.000000 1.000000
0.990826 0.039930 0.129108 -15.567047 -0.032452 0.997700 -0.059518 91.576996 -0.131188 0.054782 0.989843 -1.475538 0.000000 0.000000 0.000000 1.000000
0.987895 0.016186 0.154275 -16.268236 -0.006922 0.998150 -0.060396 90.522964 -0.154968 0.058597 0.986180 -2.270950 0.000000 0.000000 0.000000 1.000000
0.985666 -0.004824 0.168641 -16.093348 0.015451 0.997972 -0.061757 90.426102 -0.168001 0.063477 0.983741 -2.872741 0.000000 0.000000 0.000000 1.000000
0.983393 -0.022849 0.180043 -15.074679 0.036568 0.996643 -0.073255 91.595879 -0.177764 0.078622 0.980927 -3.395284 0.000000 0.000000 0.000000 1.000000
0.981118 -0.044445 0.188233 -13.263284 0.065213 0.992266 -0.105615 93.833992 -0.182083 0.115896 0.976429 -3.896897 0.000000 0.000000 0.000000 1.000000
0.980856 -0.070159 0.181659 -10.763485 0.099264 0.982686 -0.156446 96.407455 -0.167538 0.171484 0.970837 -4.371535 0.000000 0.000000 0.000000 1.000000
0.984730 -0.090058 0.148985 -7.708067 0.120202 0.970785 -0.207672 98.469208 -0.125930 0.222409 0.966786 -4.709204 0.000000 0.000000 0.000000 1.000000
0.991224 -0.092485 0.094455 -4.340217 0.112560 0.965168 -0.236178 99.392235 -0.069322 0.244737 0.967108 -4.631271 0.000000 0.000000 0.000000 1.000000
0.996377 -0.076769 0.036605 -0.996530 0.083155 0.969662 -0.229871 99.116135 -0.017847 0.232082 0.972533 -3.860203 0.000000 0.000000 0.000000 1.000000
0.998065 -0.061108 -0.011504 2.112916 0.057635 0.978564 -0.197715 97.950417 0.023339 0.196669 0.980192 -2.456841 0.000000 0.000000 0.000000 1.000000
0.995845 -0.069506 -0.058833 4.912808 0.059309 0.985309 -0.160152 96.263023 0.069101 0.155997 0.985338 -0.999599 0.000000 0.000000 0.000000 1.000000
0.986840 -0.104840 -0.123106 7.365496 0.088250 0.987146 -0.133244 94.373627 0.135493 0.120626 0.983408 -0.259989 0.000000 0.000000 0.000000 1.000000
0.969227 -0.141964 -0.201111 9.342289 0.118889 0.985314 -0.122560 92.531250 0.215557 0.094878 0.971871 -0.578534 0.000000 0.000000 0.000000 1.000000
0.952401 -0.150840 -0.264914 10.687119 0.122744 0.985196 -0.119681 91.056297 0.279044 0.081468 0.956816 -1.607936 0.000000 0.000000 0.000000 1.000000
0.949204 -0.125027 -0.288757 11.321946 0.095980 0.988982 -0.112708 90.189064 0.299667 0.079268 0.950745 -2.701108 0.000000 0.000000 0.000000 1.000000
0.959056 -0.083115 -0.270747 11.202515 0.057245 0.993126 -0.102097 90.035736 0.277371 0.082418 0.957221 -3.440125 0.000000 0.000000 0.000000 1.000000
0.972477 -0.044662 -0.228680 10.248138 0.023024 0.995073 -0.096434 90.702400 0.231860 0.088515 0.968714 -3.790023 0.000000 0.000000 0.000000 1.000000
0.983909 -0.010723 -0.178348 8.452405 -0.007940 0.994587 -0.103603 92.275040 0.178493 0.103352 0.978498 -3.914699 0.000000 0.000000 0.000000 1.000000
0.992212 0.028776 -0.121188 5.985388 -0.044072 0.991115 -0.125493 94.564064 0.116500 0.129856 0.984665 -3.923642 0.000000 0.000000 0.000000 1.000000
0.995888 0.072361 -0.054503 3.076407 -0.079926 0.985048 -0.152619 96.972481 0.042645 0.156348 0.986781 -3.705172 0.000000 0.000000 0.000000 1.000000
0.994891 0.099889 0.014657 -0.114030 -0.096044 0.981176 -0.167540 98.754089 -0.031116 0.165276 0.985756 -2.940131 0.000000 0.000000 0.000000 1.000000
0.992772 0.094979 0.073372 -3.448445 -0.082349 0.983793 -0.159281 99.410309 -0.087311 0.152088 0.984503 -1.379683 0.000000 0.000000 0.000000 1.000000
0.990602 0.070749 0.117060 -6.698496 -0.054684 0.989313 -0.135164 98.912987 -0.125372 0.127492 0.983884 0.762194 0.000000 0.000000 0.000000 1.000000
0.986473 0.063937 0.150942 -9.449550 -0.047151 0.992557 -0.112279 97.700882 -0.156997 0.103643 0.982146 2.702466 0.000000 0.000000 0.000000 1.000000
0.980371 0.093664 0.173493 -11.447288 -0.077042 0.991981 -0.100194 96.216240 -0.181486 0.084861 0.979725 3.561924 0.000000 0.000000 0.000000 1.000000
0.976616 0.136004 0.166508 -12.809454 -0.121166 0.987951 -0.096287 94.619896 -0.177597 0.073860 0.981328 3.039310 0.000000 0.000000 0.000000 1.000000
0.981469 0.153683 0.114456 -13.906223 -0.143041 0.985044 -0.096059 93.000381 -0.127507 0.077907 0.988773 1.648051 0.000000 0.000000 0.000000 1.000000
0.989421 0.141916 0.030105 -14.929827 -0.138051 0.984812 -0.105300 91.626404 -0.044592 0.100030 0.993985 0.158407 0.000000 0.000000 0.000000 1.000000
0.990528 0.129058 -0.046895 -15.796469 -0.133995 0.983105 -0.124698 90.831970 0.030009 0.129800 0.991086 -0.963621 0.000000 0.000000 0.000000 1.000000
0.987095 0.136726 -0.083359 -16.453295 -0.147440 0.979120 -0.139947 90.830482 0.062484 0.150431 0.986644 -1.609533 0.000000 0.000000 0.000000 1.000000
0.983891 0.159577 -0.080585 -17.061560 -0.169875 0.974980 -0.143377 91.764038 0.055689 0.154757 0.986382 -1.768577 0.000000 0.000000 0.000000 1.000000
0.981273 0.181517 -0.064464 -17.901903 -0.189025 0.971804 -0.140946 93.587585 0.037062 0.150492 0.987916 -1.448600 0.000000 0.000000 0.000000 1.000000
0.979345 0.194382 -0.055660 -19.131060 -0.200411 0.969683 -0.139823 95.926620 0.026793 0.148090 0.988611 -0.746203 0.000000 0.000000 0.000000 1.000000
0.979543 0.194272 -0.052479 -20.655825 -0.199819 0.969877 -0.139325 98.088982 0.023831 0.146961 0.988855 0.243301 0.000000 0.000000 0.000000 1.000000
0.983774 0.174849 -0.040197 -22.250582 -0.178696 0.974917 -0.132685 99.359756 0.015989 0.137715 0.990343 1.613394 0.000000 0.000000 0.000000 1.000000
0.990507 0.137070 -0.010370 -23.737726 -0.137342 0.983683 -0.116210 99.363281 -0.005728 0.116532 0.993170 3.485603 0.000000 0.000000 0.000000 1.000000
0.994586 0.098338 0.033585 -25.111895 -0.094734 0.990875 -0.095873 98.214287 -0.042707 0.092172 0.994827 5.576193 0.000000 0.000000 0.000000 1.000000
0.993221 0.078821 0.085438 -26.393953 -0.071784 0.994001 -0.082521 96.369331 -0.091430 0.075828 0.992920 7.093460 0.000000 0.000000 0.000000 1.000000
0.987097 0.077522 0.140109 -27.568407 -0.066926 0.994639 -0.078827 94.141754 -0.145469 0.068433 0.986993 7.396772 0.000000 0.000000 0.000000 1.000000
0.979616 0.072169 0.187468 -28.460802 -0.058716 0.995351 -0.076352 91.769348 -0.192107 0.063788 0.979299 6.570824 0.000000 0.000000 0.000000 1.000000
0.975487 0.048359 0.214678 -28.847679 -0.034357 0.997060 -0.068487 89.656998 -0.217359 0.059432 0.974281 5.354998 0.000000 0.000000 0.000000 1.000000
0.974944 0.017932 0.221727 -28.534164 -0.004405 0.998106 -0.061353 88.398254 -0.222408 0.058839 0.973177 4.485175 0.000000 0.000000 0.000000 1.000000
0.974027 -0.000017 0.226431 -27.400181 0.015114 0.997775 -0.064940 88.441399 -0.225926 0.066675 0.971860 4.191288 0.000000 0.000000 0.000000 1.000000
0.969743 -0.008494 0.243982 -25.426285 0.029170 0.996266 -0.081257 89.919769 -0.242381 0.085915 0.966370 4.254699 0.000000 0.000000 0.000000 1.000000
0.963733 -0.029211 0.265263 -22.742256 0.058968 0.992731 -0.104920 92.531731 -0.260270 0.116757 0.958450 4.369810 0.000000 0.000000 0.000000 1.000000
0.962204 -0.070894 0.262941 -19.473633 0.108100 0.985625 -0.129838 95.660728 -0.249957 0.153354 0.956036 4.369952 0.000000 0.000000 0.000000 1.000000
0.969319 -0.113267 0.218155 -15.653482 0.148733 0.976865 -0.153665 98.415428 -0.195703 0.181398 0.963740 4.210176 0.000000 0.000000 0.000000 1.000000
0.982242 -0.127020 0.138081 -11.232440 0.149439 0.974659 -0.166458 100.102592 -0.113438 0.184137 0.976333 3.971438 0.000000 0.000000 0.000000 1.000000
0.993175 -0.105642 0.049430 -6.463081 0.111955 0.982322 -0.150029 100.290314 -0.032707 0.154539 0.987445 3.888405 0.000000 0.000000 0.000000 1.000000
0.997408 -0.067959 -0.023659 -1.800604 0.065076 0.992181 -0.106500 99.215973 0.030712 0.104684 0.994031 4.066784 0.000000 0.000000 0.000000 1.000000
0.996129 -0.043088 -0.076623 2.382885 0.037880 0.996954 -0.068171 97.337868 0.079327 0.065005 0.994727 4.333982 0.000000 0.000000 0.000000 1.000000
0.991433 -0.049565 -0.120850 5.952078 0.041628 0.996861 -0.067337 94.985260 0.123808 0.061729 0.990384 4.209663 0.000000 0.000000 0.000000 1.000000
0.983128 -0.082393 -0.163309 8.932380 0.065903 0.992397 -0.103949 92.401520 0.170632 0.091433 0.981083 3.223630 0.000000 0.000000 0.000000 1.000000
0.973677 -0.114943 -0.196829 11.313499 0.087075 0.985617 -0.144834 89.851219 0.210646 0.123883 0.969681 1.509285 0.000000 0.000000 0.000000 1.000000
0.969757 -0.121369 -0.211757 12.831579 0.088987 0.983695 -0.156285 87.950630 0.227273 0.132715 0.964745 -0.236847 0.000000 0.000000 0.000000 1.000000
0.973353 -0.094011 -0.209154 13.237044 0.066190 0.988459 -0.136265 87.243973 0.219550 0.118790 0.968342 -1.262719 0.000000 0.000000 0.000000 1.000000
0.979243 -0.045357 -0.197549 12.443892 0.024243 0.993854 -0.108016 87.885101 0.201234 0.100985 0.974324 -1.303757 0.000000 0.000000 0.000000 1.000000
0.983585 0.009282 -0.180208 10.587571 -0.025731 0.995685 -0.089156 89.662849 0.178603 0.092329 0.979580 -0.610398 0.000000 0.000000 0.000000 1.000000
0.986567 0.064717 -0.149989 7.975262 -0.077259 0.993848 -0.079355 92.217422 0.143931 0.089877 0.985498 0.386259 0.000000 0.000000 0.000000 1.000000
0.987908 0.119119 -0.099236 4.956056 -0.126615 0.989262 -0.073003 95.046730 0.089474 0.084685 0.992382 1.387794 0.000000 0.000000 0.000000 1.000000
0.986313 0.161466 -0.033394 1.785704 -0.163437 0.984166 -0.068604 97.497093 0.021788 0.073123 0.997085 2.341973 0.000000 0.000000 0.000000 1.000000
0.984328 0.174066 0.028256 -1.363010 -0.171995 0.983013 -0.064060 98.900703 -0.038926 0.058196 0.997546 3.387703 0.000000 0.000000 0.000000 1.000000
0.986327 0.151439 0.065000 -4.348034 -0.147894 0.987400 -0.056299 98.860748 -0.072707 0.045916 0.996296 4.659163 0.000000 0.000000 0.000000 1.000000
0.991310 0.112651 0.067934 -7.086789 -0.109493 0.992801 -0.048561 97.495415 -0.072915 0.040701 0.996507 6.032047 0.000000 0.000000 0.000000 1.000000
0.994913 0.089544 0.046144 -9.548976 -0.087523 0.995186 -0.044098 95.420586 -0.049871 0.039835 0.997961 7.041934 0.000000 0.000000 0.000000 1.000000
0.995134 0.096451 0.020162 -11.868398 -0.095696 0.994775 -0.035556 93.257240 -0.023486 0.033454 0.999164 7.200248 0.000000 0.000000 0.000000 1.000000
0.993535 0.113363 0.006117 -14.129220 -0.113250 0.993430 -0.016482 91.313248 -0.007946 0.015683 0.999845 6.461442 0.000000 0.000000 0.000000 1.000000
0.993943 0.109748 0.005748 -16.137684 -0.109775 0.993945 0.004725 89.622765 -0.005194 -0.005327 0.999972 5.271771 0.000000 0.000000 0.000000 1.000000
0.996990 0.076642 0.011696 -17.579876 -0.076792 0.996963 0.012933 88.210098 -0.010669 -0.013793 0.999848 4.174416 0.000000 0.000000 0.000000 1.000000
0.999246 0.033583 0.019502 -18.283512 -0.033630 0.999432 0.002112 87.338844 -0.019420 -0.002766 0.999808 3.420231 0.000000 0.000000 0.000000 1.000000
0.999539 0.004337 0.030053 -18.234068 -0.003752 0.999803 -0.019501 87.445770 -0.030132 0.019379 0.999358 3.016552 0.000000 0.000000 0.000000 1.000000
0.999077 -0.009927 0.041795 -17.476055 0.011538 0.999193 -0.038472 88.867744 -0.041379 0.038919 0.998385 2.963472 0.000000 0.000000 0.000000 1.000000
0.998607 -0.025209 0.046343 -16.044834 0.027375 0.998533 -0.046714 91.442390 -0.045097 0.047918 0.997833 3.300439 0.000000 0.000000 0.000000 1.000000
0.998240 -0.048393 0.034266 -13.961808 0.049857 0.997820 -0.043238 94.430977 -0.032099 0.044870 0.998477 4.024269 0.000000 0.000000 0.000000 1.000000
0.997885 -0.064926 0.003099 -11.277933 0.064992 0.997379 -0.031792 96.930939 -0.001027 0.031927 0.999490 5.086668 0.000000 0.000000 0.000000 1.000000
0.997535 -0.055526 -0.042894 -8.118058 0.054776 0.998328 -0.018474 98.360413 0.043849 0.016079 0.998909 6.434138 0.000000 0.000000 0.000000 1.000000
0.994823 -0.025151 -0.098460 -4.906669 0.024337 0.999659 -0.009456 98.598129 0.098664 0.007011 0.995096 7.961346 0.000000 0.000000 0.000000 1.000000
0.987804 -0.007351 -0.155530 -2.086499 0.006294 0.999954 -0.007293 97.801178 0.155576 0.006225 0.987804 9.372437 0.000000 0.000000 0.000000 1.000000
0.980524 -0.031232 -0.193898 0.010981 0.030299 0.999511 -0.007779 96.357460 0.194046 0.001753 0.980991 10.144132 0.000000 0.000000 0.000000 1.000000
0.979584 -0.085793 -0.181808 1.314780 0.087332 0.996179 0.000461 94.710716 0.181073 -0.016329 0.983334 9.875526 0.000000 0.000000 0.000000 1.000000
0.986282 -0.130897 -0.100566 2.005236 0.133804 0.990748 0.022697 93.211807 0.096665 -0.035842 0.994671 8.675675 0.000000 0.000000 0.000000 1.000000
0.989510 -0.141656 0.028351 2.356290 0.140688 0.989482 0.033649 91.992439 -0.032820 -0.029307 0.999032 7.045690 0.000000 0.000000 0.000000 1.000000
0.980486 -0.129592 0.147830 2.596079 0.130384 0.991454 0.004365 90.991058 -0.147132 0.014995 0.989003 5.495183 0.000000 0.000000 0.000000 1.000000
0.970592 -0.122196 0.207413 2.805020 0.134888 0.989691 -0.048142 90.327797 -0.199392 0.074704 0.977068 4.206473 0.000000 0.000000 0.000000 1.000000
0.970738 -0.130688 0.201464 3.174615 0.150264 0.984977 -0.085090 90.368607 -0.187317 0.112873 0.975793 3.234270 0.000000 0.000000 0.000000 1.000000
0.975591 -0.146909 0.163218 4.008294 0.163051 0.982479 -0.090280 91.517189 -0.147095 0.114689 0.982451 2.751278 0.000000 0.000000 0.000000 1.000000
0.978524 -0.158933 0.131268 5.514786 0.169592 0.982702 -0.074401 93.732422 -0.117173 0.095065 0.988551 2.957874 0.000000 0.000000 0.000000 1.000000
0.979884 -0.160098 0.119149 7.637176 0.167608 0.984269 -0.055874 96.352135 -0.108329 0.074720 0.991303 3.866318 0.000000 0.000000 0.000000 1.000000
0.982505 -0.148775 0.112029 9.981123 0.154657 0.986909 -0.045734 98.553658 -0.103759 0.062260 0.992652 5.253960 0.000000 0.000000 0.000000 1.000000
0.988085 -0.127251 0.086575 12.033488 0.131703 0.990137 -0.047792 99.820854 -0.079639 0.058624 0.995098 6.811477 0.000000 0.000000 0.000000 1.000000
0.994479 -0.099817 0.032384 13.527410 0.101667 0.992906 -0.061662 99.946671 -0.025999 0.064614 0.997572 8.218906 0.000000 0.000000 0.000000 1.000000
0.996464 -0.074682 -0.038496 14.536427 0.071367 0.994134 -0.081270 99.044334 0.044340 0.078235 0.995948 9.102644 0.000000 0.000000 0.000000 1.000000
0.993218 -0.058245 -0.100623 15.392389 0.048475 0.994108 -0.096952 97.348511 0.105677 0.091417 0.990190 9.142012 0.000000 0.000000 0.000000 1.000000
0.989642 -0.047974 -0.135305 16.331039 0.034313 0.994239 -0.101549 95.154480 0.139398 0.095855 0.985586 8.338042 0.000000 0.000000 0.000000 1.000000
0.989110 -0.032826 -0.143468 17.233856 0.019398 0.995382 -0.094015 92.732880 0.145892 0.090208 0.985179 7.138391 0.000000 0.000000 0.000000 1.000000
0.990082 -0.004469 -0.140419 17.792946 -0.006788 0.996805 -0.079585 90.342308 0.140326 0.079749 0.986888 6.196537 0.000000 0.000000 0.000000 1.000000
0.989693 0.031049 -0.139801 17.769405 -0.040453 0.997069 -0.064936 88.316879 0.137375 0.069922 0.988048 5.895934 0.000000 0.000000 0.000000 1.000000
0.987709 0.061802 -0.143565 17.124586 -0.069914 0.996189 -0.052157 87.106590 0.139794 0.061553 0.988266 6.159397 0.000000 0.000000 0.000000 1.000000
0.985642 0.085380 -0.145672 15.927197 -0.091835 0.995043 -0.038167 87.234184 0.141691 0.050997 0.988596 6.698036 0.000000 0.000000 0.000000 1.000000
0.984033 0.109047 -0.140668 14.214352 -0.112895 0.993413 -0.019649 88.986221 0.137599 0.035216 0.989862 7.344182 0.000000 0.000000 0.000000 1.000000
0.982498 0.136284 -0.126984 11.973343 -0.137356 0.990522 0.000313 92.034004 0.125823 0.017135 0.991905 8.086980 0.000000 0.000000 0.000000 1.000000
0.981907 0.157386 -0.105301 9.187829 -0.157004 0.987526 0.011966 95.392418 0.105871 0.004783 0.994368 8.919148 0.000000 0.000000 0.000000 1.000000
0.984778 0.155813 -0.077043 5.895064 -0.155682 0.987777 0.007732 97.942123 0.077306 0.004380 0.996998 9.792112 0.000000 0.000000 0.000000 1.000000
0.990995 0.126515 -0.043858 2.358175 -0.127035 0.991855 -0.009258 99.031624 0.042329 0.014746 0.998995 10.687179 0.000000 0.000000 0.000000 1.000000
0.996103 0.087979 -0.006166 -1.021116 -0.088115 0.995742 -0.027082 98.723450 0.003757 0.027520 0.999614 11.569448 0.000000 0.000000 0.000000 1.000000
0.996951 0.069250 0.035968 -3.889987 -0.067993 0.997069 -0.035068 97.616142 -0.038291 0.032515 0.998737 12.205235 0.000000 0.000000 0.000000 1.000000
0.993520 0.083138 0.077495 -6.337340 -0.080893 0.996219 -0.031684 96.165192 -0.079836 0.025210 0.996489 12.130056 0.000000 0.000000 0.000000 1.000000
0.988708 0.106284 0.105639 -8.721784 -0.104489 0.994274 -0.022397 94.372597 -0.107414 0.011106 0.994152 11.090616 0.000000 0.000000 0.000000 1.000000
0.988261 0.106822 0.109223 -11.056405 -0.106033 0.994277 -0.013024 92.381607 -0.109989 0.001290 0.993932 9.316273 0.000000 0.000000 0.000000 1.000000
0.993086 0.071994 0.092725 -13.017162 -0.071349 0.997399 -0.010253 90.375534 -0.093222 0.003566 0.995639 7.393212 0.000000 0.000000 0.000000 1.000000
0.996785 0.020668 0.077411 -14.221749 -0.019279 0.999640 -0.018649 88.800964 -0.077768 0.017096 0.996825 5.900615 0.000000 0.000000 0.000000 1.000000
0.996343 -0.017803 0.083572 -14.548585 0.020698 0.999211 -0.033909 88.173477 -0.082903 0.035514 0.995925 5.102961 0.000000 0.000000 0.000000 1.000000
0.993199 -0.033543 0.111495 -14.139493 0.039291 0.997988 -0.049768 88.904854 -0.109601 0.053811 0.992518 4.984713 0.000000 0.000000 0.000000 1.000000
0.988701 -0.042207 0.143837 -13.189880 0.051966 0.996546 -0.064776 91.127022 -0.140606 0.071518 0.987479 5.412961 0.000000 0.000000 0.000000 1.000000
0.984715 -0.061498 0.162956 -11.770665 0.075198 0.994012 -0.079280 94.425720 -0.157105 0.090322 0.983443 6.234831 0.000000 0.000000 0.000000 1.000000
0.982956 -0.086444 0.162248 -9.798935 0.102584 0.990285 -0.093878 97.863533 -0.152557 0.108922 0.982274 7.299895 0.000000 0.000000 0.000000 1.000000
0.985082 -0.092768 0.144940 -7.254204 0.108825 0.988276 -0.107088 100.359924 -0.133306 0.121264 0.983628 8.491540 0.000000 0.000000 0.000000 1.000000
0.990965 -0.064885 0.117381 -4.374819 0.078221 0.990531 -0.112830 101.231445 -0.108948 0.120993 0.986657 9.771688 0.000000 0.000000 0.000000 1.000000
0.996344 -0.016034 0.083916 -1.688964 0.024956 0.994013 -0.106373 100.636154 -0.081708 0.108078 0.990779 11.095394 0.000000 0.000000 0.000000 1.000000
0.998710 0.021287 0.046090 0.398844 -0.016968 0.995600 -0.092155 99.248550 -0.047849 0.091254 0.994677 12.249769 0.000000 0.000000 0.000000 1.000000
0.999647 0.026440 0.002604 1.957062 -0.026139 0.996327 -0.081546 97.585045 -0.004750 0.081449 0.996666 12.824334 0.000000 0.000000 0.000000 1.000000
0.998916 0.003933 -0.046386 3.256284 -0.007770 0.996533 -0.082834 95.977997 0.045899 0.083105 0.995483 12.521628 0.000000 0.000000 0.000000 1.000000
0.995199 -0.021986 -0.095370 4.505577 0.013028 0.995529 -0.093553 94.420158 0.097001 0.091861 0.991036 11.564180 0.000000 0.000000 0.000000 1.000000
0.990305 -0.029124 -0.135820 5.680442 0.015189 0.994614 -0.102525 92.863930 0.138075 0.099468 0.985414 10.567012 0.000000 0.000000 0.000000 1.000000
0.986673 -0.014892 -0.162032 6.502113 -0.001591 0.994872 -0.101126 91.508560 0.162707 0.100036 0.981590 10.045973 0.000000 0.000000 0.000000 1.000000
0.985057 0.007997 -0.172045 6.672195 -0.023832 0.995641 -0.090172 90.826889 0.170573 0.092925 0.980953 10.062254 0.000000 0.000000 0.000000 1.000000
0.985976 0.030938 -0.163994 6.076552 -0.043701 0.996241 -0.074800 91.351334 0.161063 0.080917 0.983621 10.390004 0.000000 0.000000 0.000000 1.000000
0.988971 0.057969 -0.136295 4.814733 -0.066369 0.996113 -0.057914 93.258606 0.132408 0.066321 0.988974 10.871659 0.000000 0.000000 0.000000 1.000000
0.991475 0.090805 -0.093439 3.034668 -0.095006 0.994610 -0.041523 96.009224 0.089165 0.050046 0.994759 11.522428 0.000000 0.000000 0.000000 1.000000
0.992304 0.114085 -0.048143 0.759087 -0.115574 0.992865 -0.029358 98.532219 0.044451 0.034696 0.998409 12.404724 0.000000 0.000000 0.000000 1.000000
0.994090 0.107798 -0.012844 -2.010449 -0.108089 0.993837 -0.024609 99.910866 0.010112 0.025852 0.999615 13.488602 0.000000 0.000000 0.000000 1.000000
0.997059 0.075901 0.010605 -5.045136 -0.075589 0.996765 -0.027303 99.928314 -0.012643 0.026421 0.999571 14.600779 0.000000 0.000000 0.000000 1.000000
0.998202 0.051973 0.029858 -7.875311 -0.051049 0.998218 -0.030892 99.025253 -0.031410 0.029312 0.999077 15.435836 0.000000 0.000000 0.000000 1.000000
0.996636 0.067054 0.047116 -10.050223 -0.065951 0.997520 -0.024597 97.927567 -0.048648 0.021407 0.998587 15.664522 0.000000 0.000000 0.000000 1.000000
0.992440 0.113643 0.046339 -11.539501 -0.113467 0.993521 -0.006435 96.989861 -0.046770 0.001129 0.998905 15.152239 0.000000 0.000000 0.000000 1.000000
0.987898 0.155040 0.004520 -12.664015 -0.155083 0.987833 0.011646 96.196976 -0.002660 -0.012207 0.999922 14.069111 0.000000 0.000000 0.000000 1.000000
0.982608 0.168269 -0.078536 -13.707780 -0.167958 0.985737 0.010595 95.385254 0.079199 0.002780 0.996855 12.734220 0.000000 0.000000 0.000000 1.000000
0.972615 0.161613 -0.167036 -14.774681 -0.166431 0.985936 -0.015167 94.468384 0.162236 0.042552 0.985834 11.439534 0.000000 0.000000 0.000000 1.000000
0.964324 0.156136 -0.213779 -15.804190 -0.169111 0.984628 -0.043699 93.532005 0.203670 0.078293 0.975904 10.346365 0.000000 0.000000 0.000000 1.000000
0.966726 0.159019 -0.200384 -16.775263 -0.172801 0.983521 -0.053163 92.997772 0.188628 0.086020 0.978274 9.560675 0.000000 0.000000 0.000000 1.000000
0.975190 0.164477 -0.148159 -17.765049 -0.172867 0.983891 -0.045565 93.394493 0.138278 0.070046 0.987913 9.210773 0.000000 0.000000 0.000000 1.000000
0.980898 0.169995 -0.094552 -18.881245 -0.173972 0.984111 -0.035475 94.952629 0.087019 0.051247 0.994888 9.377677 0.000000 0.000000 0.000000 1.000000
0.982179 0.177270 -0.062451 -20.226681 -0.179362 0.983338 -0.029604 97.315483 0.056162 0.040278 0.997609 10.020854 0.000000 0.000000 0.000000 1.000000
0.982381 0.179869 -0.050751 -21.922745 -0.181191 0.983185 -0.022743 99.600639 0.045807 0.031538 0.998452 11.032981 0.000000 0.000000 0.000000 1.000000
0.985247 0.164640 -0.046704 -24.037691 -0.165368 0.986157 -0.012144 100.933220 0.044058 0.019689 0.998835 12.317424 0.000000 0.000000 0.000000 1.000000
0.990766 0.129983 -0.038554 -26.394207 -0.130269 0.991466 -0.004993 100.971756 0.037576 0.009970 0.999244 13.732327 0.000000 0.000000 0.000000 1.000000
0.995477 0.093061 -0.019092 -28.564175 -0.093217 0.995618 -0.007431 100.046028 0.018316 0.009177 0.999790 14.986182 0.000000 0.000000 0.000000 1.000000
0.997128 0.074959 0.010838 -30.241173 -0.074786 0.997078 -0.015569 98.651520 -0.011974 0.014714 0.999820 15.695920 0.000000 0.000000 0.000000 1.000000
0.995992 0.080768 0.038433 -31.523844 -0.079933 0.996540 -0.022785 96.951286 -0.040141 0.019622 0.999001 15.573116 0.000000 0.000000 0.000000 1.000000
0.994414 0.095297 0.045380 -32.771061 -0.094044 0.995146 -0.028983 94.782082 -0.047922 0.024553 0.998549 14.697430 0.000000 0.000000 0.000000 1.000000
0.994640 0.100135 0.025772 -34.108311 -0.099086 0.994307 -0.039182 92.217850 -0.029549 0.036419 0.998900 13.437856 0.000000 0.000000 0.000000 1.000000
0.995749 0.092075 -0.002302 -35.357849 -0.092060 0.994202 -0.055558 89.648056 -0.002826 0.055533 0.998453 12.313123 0.000000 0.000000 0.000000 1.000000
0.995937 0.089733 -0.007524 -36.223351 -0.090040 0.993515 -0.069439 87.824188 0.001245 0.069834 0.997558 11.710513 0.000000 0.000000 0.000000 1.000000
