<?xml version="1.0" encoding="utf-8"?>
<COLLADA xmlns="http://www.collada.org/2005/11/COLLADASchema" version="1.4.1">
  <asset>
    <contributor>
      <author>Mixamo</author>
      <authoring_tool>COLLADA Mixamo exporter</authoring_tool>
      <comments/>
    </contributor>
    <created>2024-04-21T20:20:55Z</created>
    <modified>2024-04-21T20:20:55Z</modified>
    <revision/>
    <title/>
    <unit meter="0.010000"/>
    <up_axis>Y_UP</up_axis>
  </asset>
  <library_animations>
    <animation id="mixamorig_Hips-anim" name="mixamorig_Hips">
      <source id="mixamorig_Hips-Matrix-animation-input">
        <float_array id="mixamorig_Hips-Matrix-animation-input-array" count="101">

0.000000 0.033333 0.066667 0.100000 0.133333 0.166667 0.200000 0.233333 0.266667 0.300000 0.333333 0.366667 0.400000 0.433333 0.466667 0.500000
0.533333 0.566667 0.600000 0.633333 0.666667 0.700000 0.733333 0.766667 0.800000 0.833333 0.866667 0.900000 0.933333 0.966667 1.000000 1.033333
1.066667 1.100000 1.133333 1.166667 1.200000 1.233333 1.266667 1.300000 1.333333 1.366667 1.400000 1.433333 1.466667 1.500000 1.533333 1.566667
1.600000 1.633333 1.666667 1.700000 1.733333 1.766667 1.800000 1.833333 1.866667 1.900000 1.933333 1.966667 2.000000 2.033333 2.066667 2.100000
2.133333 2.166667 2.200000 2.233333 2.266667 2.300000 2.333333 2.366667 2.400000 2.433333 2.466667 2.500000 2.533333 2.566667 2.600000 2.633333
2.666667 2.700000 2.733333 2.766667 2.800000 2.833333 2.866667 2.900000 2.933333 2.966667 3.000000 3.033333 3.066667 3.100000 3.133333 3.166667
3.200000 3.233333 3.266667 3.300000 3.333333</float_array>
        <technique_common>
          <accessor source="#mixamorig_Hips-Matrix-animation-input-array" count="101">
            <param name="TIME" type="float"/>
          </accessor>
        </technique_common>
      </source>
      <source id="mixamorig_Hips-Matrix-animation-output-transform">
        <float_array id="mixamorig_Hips-Matrix-animation-output-transform-array" count="1616">

0.421558 0.299639 0.855865 0.059947 0.282313 0.853555 -0.437885 74.943726 -0.861736 0.426216 0.275231 -0.035131 0.000000 0.000000 0.000000 1.000000
0.421434 0.300196 0.855731 0.025181 0.282308 0.853304 -0.438377 74.917717 -0.861798 0.426327 0.274863 -0.054603 0.000000 0.000000 0.000000 1.000000
0.421178 0.300688 0.855684 -0.008984 0.282491 0.853027 -0.438799 74.896019 -0.861863 0.426535 0.274335 -0.072798 0.000000 0.000000 0.000000 1.000000
0.420952 0.300971 0.855696 -0.042331 0.282788 0.852791 -0.439065 74.877968 -0.861876 0.426806 0.273873 -0.090881 0.000000 0.000000 0.000000 1.000000
0.420969 0.301034 0.855666 -0.071567 0.282976 0.852661 -0.439196 74.860435 -0.861806 0.427021 0.273758 -0.107424 0.000000 0.000000 0.000000 1.000000
0.421191 0.300959 0.855583 -0.096315 0.283046 0.852609 -0.439253 74.847069 -0.861675 0.427178 0.273926 -0.119138 0.000000 0.000000 0.000000 1.000000
0.421352 0.300780 0.855566 -0.119007 0.283194 0.852586 -0.439201 74.848221 -0.861547 0.427350 0.274060 -0.120571 0.000000 0.000000 0.000000 1.000000
0.421268 0.300491 0.855709 -0.139282 0.283429 0.852640 -0.438946 74.868568 -0.861511 0.427447 0.274022 -0.105221 0.000000 0.000000 0.000000 1.000000
0.421009 0.300104 0.855972 -0.153773 0.283468 0.852885 -0.438445 74.901306 -0.861625 0.427230 0.274003 -0.070477 0.000000 0.000000 0.000000 1.000000
0.420733 0.299579 0.856292 -0.160730 0.283190 0.853361 -0.437697 74.939453 -0.861851 0.426647 0.274200 -0.021299 0.000000 0.000000 0.000000 1.000000
0.420512 0.298826 0.856664 -0.160942 0.282867 0.853961 -0.436734 74.985168 -0.862065 0.425974 0.274573 0.035364 0.000000 0.000000 0.000000 1.000000
0.420437 0.297809 0.857055 -0.154956 0.282668 0.854596 -0.435620 75.041801 -0.862167 0.425412 0.275123 0.098465 0.000000 0.000000 0.000000 1.000000
0.420643 0.296548 0.857391 -0.142619 0.282472 0.855281 -0.434401 75.107208 -0.862130 0.424917 0.276001 0.171010 0.000000 0.000000 0.000000 1.000000
0.421062 0.295076 0.857693 -0.123308 0.282267 0.856022 -0.433073 75.179749 -0.861993 0.424449 0.277148 0.253299 0.000000 0.000000 0.000000 1.000000
0.421367 0.293430 0.858107 -0.095473 0.282129 0.856843 -0.431535 75.262001 -0.861889 0.423932 0.278261 0.343615 0.000000 0.000000 0.000000 1.000000
0.421296 0.291599 0.858767 -0.059719 0.281990 0.857848 -0.429626 75.355087 -0.861970 0.423163 0.279180 0.440819 0.000000 0.000000 0.000000 1.000000
0.420836 0.289770 0.859611 -0.021124 0.281724 0.859003 -0.427487 75.456039 -0.862281 0.422075 0.279864 0.544920 0.000000 0.000000 0.000000 1.000000
0.420080 0.288616 0.860368 0.014731 0.281202 0.860014 -0.425796 75.561378 -0.862820 0.420805 0.280115 0.657805 0.000000 0.000000 0.000000 1.000000
0.419211 0.288588 0.860801 0.046262 0.280302 0.860674 -0.425053 75.668915 -0.863535 0.419472 0.279912 0.780637 0.000000 0.000000 0.000000 1.000000
0.418566 0.288948 0.860995 0.075973 0.279171 0.861200 -0.424734 75.780525 -0.864214 0.418144 0.279803 0.908976 0.000000 0.000000 0.000000 1.000000
0.418276 0.288714 0.861214 0.106330 0.278068 0.861917 -0.424002 75.903763 -0.864710 0.416826 0.280237 1.040896 0.000000 0.000000 0.000000 1.000000
0.418053 0.288145 0.861513 0.135474 0.276838 0.862840 -0.422927 76.042465 -0.865212 0.415306 0.280943 1.186234 0.000000 0.000000 0.000000 1.000000
0.417582 0.288108 0.861753 0.160963 0.275184 0.863761 -0.422126 76.187881 -0.865967 0.413413 0.281409 1.351833 0.000000 0.000000 0.000000 1.000000
0.416952 0.288776 0.861835 0.184098 0.273255 0.864499 -0.421869 76.323845 -0.866881 0.411400 0.281545 1.528773 0.000000 0.000000 0.000000 1.000000
0.416681 0.289517 0.861717 0.207133 0.271455 0.865051 -0.421899 76.437981 -0.867577 0.409714 0.281860 1.699399 0.000000 0.000000 0.000000 1.000000
0.417267 0.289681 0.861379 0.230097 0.270007 0.865518 -0.421870 76.525330 -0.867747 0.408610 0.282936 1.846328 0.000000 0.000000 0.000000 1.000000
0.418631 0.289323 0.860837 0.254525 0.269017 0.865845 -0.421831 76.589149 -0.867397 0.408172 0.284637 1.957404 0.000000 0.000000 0.000000 1.000000
0.420216 0.288976 0.860181 0.284623 0.268556 0.865866 -0.422082 76.637817 -0.866773 0.408373 0.286245 2.031386 0.000000 0.000000 0.000000 1.000000
0.421532 0.288931 0.859552 0.320806 0.268533 0.865595 -0.422653 76.674156 -0.866141 0.408980 0.287289 2.074612 0.000000 0.000000 0.000000 1.000000
0.422466 0.289107 0.859034 0.359858 0.268745 0.865191 -0.423345 76.693405 -0.865621 0.409710 0.287818 2.093057 0.000000 0.000000 0.000000 1.000000
0.423108 0.289459 0.858600 0.398531 0.269136 0.864682 -0.424136 76.691315 -0.865185 0.410535 0.287950 2.088403 0.000000 0.000000 0.000000 1.000000
0.423570 0.290052 0.858171 0.434319 0.269614 0.864052 -0.425114 76.670166 -0.864810 0.411441 0.287784 2.061641 0.000000 0.000000 0.000000 1.000000
0.423976 0.290780 0.857725 0.466654 0.269971 0.863425 -0.426160 76.637115 -0.864500 0.412242 0.287569 2.017040 0.000000 0.000000 0.000000 1.000000
0.424414 0.291378 0.857305 0.497175 0.270193 0.862918 -0.427046 76.597458 -0.864216 0.412882 0.287506 1.960075 0.000000 0.000000 0.000000 1.000000
0.424907 0.291791 0.856920 0.525056 0.270418 0.862487 -0.427774 76.550285 -0.863903 0.413491 0.287571 1.894048 0.000000 0.000000 0.000000 1.000000
0.425429 0.292284 0.856493 0.546370 0.270677 0.861991 -0.428608 76.492180 -0.863565 0.414176 0.287601 1.819769 0.000000 0.000000 0.000000 1.000000
0.425876 0.292990 0.856030 0.561962 0.271006 0.861372 -0.429644 76.423256 -0.863241 0.414965 0.287435 1.737065 0.000000 0.000000 0.000000 1.000000
0.426127 0.293749 0.855644 0.576819 0.271505 0.860689 -0.430696 76.346375 -0.862960 0.415843 0.287009 1.645362 0.000000 0.000000 0.000000 1.000000
0.426182 0.294511 0.855355 0.590662 0.272197 0.859958 -0.431718 76.261353 -0.862715 0.416816 0.286333 1.541608 0.000000 0.000000 0.000000 1.000000
0.426187 0.295288 0.855085 0.600465 0.273104 0.859125 -0.432803 76.165886 -0.862426 0.417982 0.285504 1.421410 0.000000 0.000000 0.000000 1.000000
0.426458 0.295866 0.854750 0.608891 0.274175 0.858246 -0.433869 76.057709 -0.861952 0.419378 0.284887 1.284758 0.000000 0.000000 0.000000 1.000000
0.427289 0.296026 0.854279 0.620801 0.275135 0.857490 -0.434754 75.937569 -0.861235 0.420808 0.284949 1.138112 0.000000 0.000000 0.000000 1.000000
0.428502 0.295862 0.853728 0.634866 0.275843 0.856925 -0.435420 75.812157 -0.860405 0.422073 0.285583 0.987967 0.000000 0.000000 0.000000 1.000000
0.429592 0.295635 0.853259 0.646486 0.276470 0.856459 -0.435939 75.687813 -0.859660 0.423176 0.286194 0.835785 0.000000 0.000000 0.000000 1.000000
0.430367 0.295531 0.852904 0.654354 0.277086 0.856013 -0.436423 75.564102 -0.859074 0.424150 0.286512 0.682783 0.000000 0.000000 0.000000 1.000000
0.431047 0.295575 0.852545 0.657863 0.277548 0.855590 -0.436959 75.440132 -0.858583 0.424973 0.286763 0.532865 0.000000 0.000000 0.000000 1.000000
0.431810 0.295655 0.852132 0.655105 0.277892 0.855185 -0.437533 75.317299 -0.858089 0.425732 0.287117 0.386619 0.000000 0.000000 0.000000 1.000000
0.432587 0.295657 0.851737 0.646917 0.278357 0.854754 -0.438079 75.195183 -0.857546 0.426594 0.287458 0.239918 0.000000 0.000000 0.000000 1.000000
0.433188 0.295571 0.851461 0.636264 0.279058 0.854295 -0.438528 75.073425 -0.857015 0.427572 0.287589 0.091919 0.000000 0.000000 0.000000 1.000000
0.433537 0.295462 0.851321 0.623449 0.279855 0.853863 -0.438861 74.953255 -0.856579 0.428509 0.287494 -0.052805 0.000000 0.000000 0.000000 1.000000
0.433769 0.295442 0.851210 0.606746 0.280551 0.853465 -0.439191 74.833038 -0.856233 0.429315 0.287320 -0.193005 0.000000 0.000000 0.000000 1.000000
0.433964 0.295595 0.851057 0.585469 0.281200 0.853010 -0.439660 74.709717 -0.855922 0.430114 0.287054 -0.334104 0.000000 0.000000 0.000000 1.000000
0.434044 0.295860 0.850925 0.559687 0.282028 0.852435 -0.440243 74.584343 -0.855609 0.431069 0.286554 -0.481216 0.000000 0.000000 0.000000 1.000000
0.434128 0.296012 0.850829 0.529604 0.283041 0.851823 -0.440777 74.456978 -0.855231 0.432174 0.286017 -0.634562 0.000000 0.000000 0.000000 1.000000
0.434539 0.295959 0.850637 0.495611 0.283941 0.851287 -0.441234 74.322899 -0.854724 0.433264 0.285883 -0.792196 0.000000 0.000000 0.000000 1.000000
0.435267 0.295825 0.850312 0.458163 0.284596 0.850833 -0.441688 74.182373 -0.854136 0.434247 0.286149 -0.951464 0.000000 0.000000 0.000000 1.000000
0.435886 0.295618 0.850067 0.417969 0.285313 0.850411 -0.442037 74.045845 -0.853581 0.435213 0.286338 -1.108055 0.000000 0.000000 0.000000 1.000000
0.436065 0.295278 0.850093 0.375487 0.286365 0.850004 -0.442141 73.923424 -0.853137 0.436239 0.286100 -1.256418 0.000000 0.000000 0.000000 1.000000
0.435765 0.294948 0.850361 0.328561 0.287590 0.849628 -0.442069 73.820435 -0.852878 0.437194 0.285414 -1.389627 0.000000 0.000000 0.000000 1.000000
0.435012 0.294860 0.850777 0.272101 0.288651 0.849330 -0.441949 73.740196 -0.852904 0.437831 0.284357 -1.499791 0.000000 0.000000 0.000000 1.000000
0.433922 0.295060 0.851265 0.205595 0.289403 0.849131 -0.441840 73.677460 -0.853204 0.438083 0.283065 -1.582838 0.000000 0.000000 0.000000 1.000000
0.432853 0.295291 0.851728 0.138248 0.290020 0.848979 -0.441727 73.619865 -0.853538 0.438221 0.281843 -1.643014 0.000000 0.000000 0.000000 1.000000
0.432095 0.295178 0.852153 0.075697 0.290696 0.848892 -0.441449 73.565971 -0.853692 0.438465 0.280995 -1.688178 0.000000 0.000000 0.000000 1.000000
0.431650 0.294573 0.852587 0.014256 0.291425 0.848949 -0.440859 73.524734 -0.853668 0.438762 0.280603 -1.723266 0.000000 0.000000 0.000000 1.000000
0.431413 0.293736 0.852996 -0.046481 0.292161 0.849066 -0.440147 73.497223 -0.853537 0.439097 0.280481 -1.749851 0.000000 0.000000 0.000000 1.000000
0.431323 0.292985 0.853300 -0.101966 0.292870 0.849112 -0.439586 73.476929 -0.853339 0.439509 0.280435 -1.768890 0.000000 0.000000 0.000000 1.000000
0.431273 0.292311 0.853556 -0.150578 0.293630 0.849080 -0.439140 73.462563 -0.853103 0.440020 0.280354 -1.782435 0.000000 0.000000 0.000000 1.000000
0.430962 0.291660 0.853936 -0.194706 0.294564 0.849016 -0.438639 73.459869 -0.852938 0.440576 0.279981 -1.789693 0.000000 0.000000 0.000000 1.000000
0.430111 0.291189 0.854525 -0.237040 0.295517 0.848991 -0.438047 73.473923 -0.853038 0.440935 0.279109 -1.784709 0.000000 0.000000 0.000000 1.000000
0.428776 0.291060 0.855240 -0.279606 0.296206 0.849054 -0.437459 73.506775 -0.853471 0.440899 0.277840 -1.760256 0.000000 0.000000 0.000000 1.000000
0.427334 0.291195 0.855916 -0.321627 0.296491 0.849218 -0.436945 73.557014 -0.854095 0.440493 0.276563 -1.711438 0.000000 0.000000 0.000000 1.000000
0.426262 0.291271 0.856424 -0.358764 0.296300 0.849559 -0.436412 73.617172 -0.854697 0.439784 0.275831 -1.639826 0.000000 0.000000 0.000000 1.000000
0.425830 0.290929 0.856755 -0.387389 0.295812 0.850097 -0.435694 73.679192 -0.855081 0.438970 0.275937 -1.555224 0.000000 0.000000 0.000000 1.000000
0.426097 0.289860 0.856984 -0.404876 0.295395 0.850785 -0.434635 73.741638 -0.855092 0.438345 0.276894 -1.468221 0.000000 0.000000 0.000000 1.000000
0.426995 0.287881 0.857205 -0.408690 0.295199 0.851654 -0.433063 73.807495 -0.854712 0.437962 0.278669 -1.383723 0.000000 0.000000 0.000000 1.000000
0.428065 0.285340 0.857520 -0.400505 0.295164 0.852676 -0.431071 73.880730 -0.854189 0.437636 0.280779 -1.300494 0.000000 0.000000 0.000000 1.000000
0.428499 0.283240 0.858000 -0.386819 0.295119 0.853641 -0.429188 73.964050 -0.853987 0.437119 0.282195 -1.212301 0.000000 0.000000 0.000000 1.000000
0.427811 0.282300 0.858653 -0.373625 0.294920 0.854387 -0.427837 74.054993 -0.854401 0.436267 0.282260 -1.115550 0.000000 0.000000 0.000000 1.000000
0.426259 0.282171 0.859466 -0.362536 0.294703 0.854955 -0.426851 74.150757 -0.855250 0.435237 0.281276 -1.013969 0.000000 0.000000 0.000000 1.000000
0.424466 0.282159 0.860357 -0.352891 0.294574 0.855479 -0.425890 74.254539 -0.856186 0.434215 0.280005 -0.906992 0.000000 0.000000 0.000000 1.000000
0.422906 0.282162 0.861125 -0.346188 0.294193 0.856061 -0.424983 74.368561 -0.857089 0.433064 0.279023 -0.785517 0.000000 0.000000 0.000000 1.000000
0.421782 0.282413 0.861593 -0.343944 0.293199 0.856718 -0.424346 74.484741 -0.857983 0.431600 0.278545 -0.647415 0.000000 0.000000 0.000000 1.000000
0.421037 0.282982 0.861771 -0.344610 0.291747 0.857350 -0.424069 74.589081 -0.858843 0.429968 0.278417 -0.506160 0.000000 0.000000 0.000000 1.000000
0.420526 0.283645 0.861803 -0.345060 0.290360 0.857842 -0.424025 74.673523 -0.859564 0.428546 0.278386 -0.380438 0.000000 0.000000 0.000000 1.000000
0.420335 0.284084 0.861751 -0.342813 0.289402 0.858150 -0.424058 74.739143 -0.859979 0.427639 0.278496 -0.280811 0.000000 0.000000 0.000000 1.000000
0.420721 0.284276 0.861499 -0.335757 0.288835 0.858243 -0.424256 74.791992 -0.859982 0.427324 0.278972 -0.206509 0.000000 0.000000 0.000000 1.000000
0.421537 0.284612 0.860990 -0.323110 0.288376 0.858106 -0.424846 74.839546 -0.859736 0.427377 0.279648 -0.149532 0.000000 0.000000 0.000000 1.000000
0.421985 0.285532 0.860465 -0.307608 0.287824 0.857815 -0.425806 74.887505 -0.859701 0.427346 0.279802 -0.099751 0.000000 0.000000 0.000000 1.000000
0.421353 0.287058 0.860267 -0.293701 0.287190 0.857530 -0.426808 74.936340 -0.860223 0.426896 0.278883 -0.050242 0.000000 0.000000 0.000000 1.000000
0.419893 0.288779 0.860405 -0.282689 0.286477 0.857387 -0.427572 74.980698 -0.861174 0.426021 0.277283 0.002388 0.000000 0.000000 0.000000 1.000000
0.418559 0.290351 0.860526 -0.272722 0.285579 0.857377 -0.428193 75.017273 -0.862121 0.424972 0.275944 0.056792 0.000000 0.000000 0.000000 1.000000
0.418000 0.291675 0.860349 -0.259901 0.284599 0.857337 -0.428926 75.048271 -0.862716 0.424146 0.275357 0.106041 0.000000 0.000000 0.000000 1.000000
0.418236 0.292658 0.859901 -0.239724 0.283792 0.857184 -0.429764 75.076668 -0.862868 0.423776 0.275451 0.143915 0.000000 0.000000 0.000000 1.000000
0.418980 0.293272 0.859330 -0.210577 0.283082 0.857043 -0.430513 75.100006 -0.862740 0.423637 0.276064 0.171882 0.000000 0.000000 0.000000 1.000000
0.419780 0.293814 0.858754 -0.175475 0.282265 0.856976 -0.431183 75.113289 -0.862619 0.423398 0.276808 0.190718 0.000000 0.000000 0.000000 1.000000
0.420143 0.294620 0.858300 -0.138180 0.281573 0.856820 -0.431944 75.114700 -0.862668 0.423152 0.277030 0.195376 0.000000 0.000000 0.000000 1.000000
0.420054 0.295683 0.857978 -0.099553 0.281299 0.856442 -0.432873 75.104263 -0.862801 0.423178 0.276576 0.182540 0.000000 0.000000 0.000000 1.000000
0.420039 0.296802 0.857599 -0.060205 0.281324 0.855867 -0.433991 75.080925 -0.862800 0.423556 0.276000 0.153007 0.000000 0.000000 0.000000 1.000000
0.420449 0.297846 0.857036 -0.021518 0.281497 0.855150 -0.435289 75.045128 -0.862544 0.424270 0.275704 0.106503 0.000000 0.000000 0.000000 1.000000
0.421059 0.298797 0.856405 0.017506 0.281840 0.854345 -0.436648 74.998795 -0.862134 0.425224 0.275516 0.042840 0.000000 0.000000 0.000000 1.000000
0.421558 0.299639 0.855865 0.059947 0.282313 0.853555 -0.437885 74.943726 -0.861736 0.426216 0.275231 -0.035131 0.000000 0.000000 0.000000 1.000000</float_array>
        <technique_common>
          <accessor source="#mixamorig_Hips-Matrix-animation-output-transform-array" count="101" stride="16">
            <param type="float4x4"/>
          </accessor>
        </technique_common>
      </source>
      <source id="mixamorig_Hips-Interpolations">
        <Name_array id="mixamorig_Hips-Interpolations-array" count="101">
 LINEAR LINEAR LINEAR LINEAR LINEAR LINEAR LINEAR LINEAR LINEAR LINEAR LINEAR
LINEAR LINEAR LINEAR LINEAR LINEAR LINEAR LINEAR LINEAR LINEAR LINEAR LINEAR LINEAR
LINEAR LINEAR LINEAR LINEAR LINEAR LINEAR LINEAR LINEAR LINEAR LINEAR LINEAR LINEAR
LINEAR LINEAR LINEAR LINEAR LINEAR LINEAR LINEAR LINEAR LINEAR LINEAR LINEAR LINEAR
LINEAR LINEAR LINEAR LINEAR LINEAR LINEAR LINEAR LINEAR LINEAR LINEAR LINEAR LINEAR
LINEAR LINEAR LINEAR LINEAR LINEAR LINEAR LINEAR LINEAR LINEAR LINEAR LINEAR LINEAR
LINEAR LINEAR LINEAR LINEAR LINEAR LINEAR LINEAR LINEAR LINEAR LINEAR LINEAR LINEAR
LINEAR LINEAR LINEAR LINEAR LINEAR LINEAR LINEAR LINEAR LINEAR LINEAR LINEAR LINEAR
LINEAR LINEAR LINEAR LINEAR LINEAR LINEAR</Name_array>
        <technique_common>
          <accessor source="#mixamorig_Hips-Interpolations-array" count="101">
            <param type="name"/>
          </accessor>
        </technique_common>
      </source>
      <sampler id="mixamorig_Hips-Matrix-animation-transform">
        <input semantic="INPUT" source="#mixamorig_Hips-Matrix-animation-input"/>
        <input semantic="OUTPUT" source="#mixamorig_Hips-Matrix-animation-output-transform"/>
        <input semantic="INTERPOLATION" source="#mixamorig_Hips-Interpolations"/>
      </sampler>
      <channel source="#mixamorig_Hips-Matrix-animation-transform" target="mixamorig_Hips/matrix"/>
    </animation>
    <animation id="mixamorig_Spine-anim" name="mixamorig_Spine">
      <source id="mixamorig_Spine-Matrix-animation-input">
        <float_array id="mixamorig_Spine-Matrix-animation-input-array" count="101">

0.000000 0.033333 0.066667 0.100000 0.133333 0.166667 0.200000 0.233333 0.266667 0.300000 0.333333 0.366667 0.400000 0.433333 0.466667 0.500000
0.533333 0.566667 0.600000 0.633333 0.666667 0.700000 0.733333 0.766667 0.800000 0.833333 0.866667 0.900000 0.933333 0.966667 1.000000 1.033333
1.066667 1.100000 1.133333 1.166667 1.200000 1.233333 1.266667 1.300000 1.333333 1.366667 1.400000 1.433333 1.466667 1.500000 1.533333 1.566667
1.600000 1.633333 1.666667 1.700000 1.733333 1.766667 1.800000 1.833333 1.866667 1.900000 1.933333 1.966667 2.000000 2.033333 2.066667 2.100000
2.133333 2.166667 2.200000 2.233333 2.266667 2.300000 2.333333 2.366667 2.400000 2.433333 2.466667 2.500000 2.533333 2.566667 2.600000 2.633333
2.666667 2.700000 2.733333 2.766667 2.800000 2.833333 2.866667 2.900000 2.933333 2.966667 3.000000 3.033333 3.066667 3.100000 3.133333 3.166667
3.200000 3.233333 3.266667 3.300000 3.333333</float_array>
        <technique_common>
          <accessor source="#mixamorig_Spine-Matrix-animation-input-array" count="101">
            <param name="TIME" type="float"/>
          </accessor>
        </technique_common>
      </source>
      <source id="mixamorig_Spine-Matrix-animation-output-transform">
        <float_array id="mixamorig_Spine-Matrix-animation-output-transform-array" count="1616">

0.984042 0.127670 -0.123940 0.000000 -0.157327 0.949670 -0.270880 9.226300 0.083119 0.286056 0.954601 1.577100 0.000000 0.000000 0.000000 1.000000
0.984024 0.127633 -0.124122 0.000000 -0.157328 0.949721 -0.270697 9.226300 0.083331 0.285900 0.954629 1.577100 0.000000 0.000000 0.000000 1.000000
0.984003 0.127598 -0.124325 0.000000 -0.157346 0.949743 -0.270611 9.226300 0.083547 0.285844 0.954627 1.577100 0.000000 0.000000 0.000000 1.000000
0.983978 0.127594 -0.124525 0.000000 -0.157407 0.949713 -0.270683 9.226300 0.083726 0.285947 0.954581 1.577100 0.000000 0.000000 0.000000 1.000000
0.983962 0.127638 -0.124611 -0.000000 -0.157488 0.949653 -0.270843 9.226300 0.083768 0.286124 0.954524 1.577100 0.000000 0.000000 0.000000 1.000000
0.983950 0.127728 -0.124608 0.000000 -0.157589 0.949587 -0.271017 9.226300 0.083709 0.286304 0.954475 1.577100 0.000000 0.000000 0.000000 1.000000
0.983930 0.127870 -0.124624 0.000000 -0.157747 0.949506 -0.271209 9.226300 0.083652 0.286510 0.954419 1.577100 0.000000 0.000000 0.000000 1.000000
0.983902 0.128065 -0.124642 0.000000 -0.157960 0.949407 -0.271430 9.226300 0.083576 0.286749 0.954353 1.577100 0.000000 0.000000 0.000000 1.000000
0.983894 0.128244 -0.124524 0.000000 -0.158120 0.949310 -0.271679 9.226300 0.083370 0.286993 0.954298 1.577100 0.000000 0.000000 0.000000 1.000000
0.983912 0.128364 -0.124260 0.000000 -0.158187 0.949207 -0.271999 9.226300 0.083034 0.287279 0.954241 1.577100 0.000000 0.000000 0.000000 1.000000
0.983924 0.128517 -0.124004 0.000000 -0.158298 0.949066 -0.272424 9.226300 0.082677 0.287674 0.954153 1.577100 0.000000 0.000000 0.000000 1.000000
0.983912 0.128796 -0.123810 0.000000 -0.158550 0.948889 -0.272893 9.226300 0.082334 0.288133 0.954044 1.577100 0.000000 0.000000 0.000000 1.000000
0.983877 0.129217 -0.123649 0.000000 -0.158943 0.948712 -0.273282 9.226300 0.081995 0.288529 0.953954 1.577100 0.000000 0.000000 0.000000 1.000000
0.983819 0.129795 -0.123507 0.000000 -0.159479 0.948556 -0.273510 9.226300 0.081653 0.288781 0.953907 1.577100 0.000000 0.000000 0.000000 1.000000
0.983759 0.130482 -0.123256 0.000000 -0.160078 0.948420 -0.273632 9.226300 0.081195 0.288919 0.953904 1.577100 0.000000 0.000000 0.000000 1.000000
0.983729 0.131182 -0.122754 0.000000 -0.160623 0.948270 -0.273831 9.226300 0.080483 0.289093 0.953912 1.577100 0.000000 0.000000 0.000000 1.000000
0.983723 0.131846 -0.122085 0.000000 -0.161091 0.948111 -0.274106 9.226300 0.079610 0.289312 0.953919 1.577100 0.000000 0.000000 0.000000 1.000000
0.983740 0.132377 -0.121374 0.000000 -0.161390 0.948075 -0.274056 9.226300 0.078793 0.289189 0.954024 1.577100 0.000000 0.000000 0.000000 1.000000
0.983792 0.132680 -0.120620 0.000000 -0.161405 0.948276 -0.273351 9.226300 0.078113 0.288389 0.954322 1.577100 0.000000 0.000000 0.000000 1.000000
0.983843 0.132949 -0.119905 0.000000 -0.161378 0.948558 -0.272387 9.226300 0.077524 0.287336 0.954687 1.577100 0.000000 0.000000 0.000000 1.000000
0.983848 0.133443 -0.119314 0.000000 -0.161639 0.948669 -0.271845 9.226300 0.076913 0.286740 0.954916 1.577100 0.000000 0.000000 0.000000 1.000000
0.983839 0.134021 -0.118738 -0.000000 -0.162022 0.948628 -0.271760 9.226300 0.076217 0.286606 0.955012 1.577100 0.000000 0.000000 0.000000 1.000000
0.983881 0.134311 -0.118066 0.000000 -0.162099 0.948647 -0.271649 9.226300 0.075517 0.286408 0.955127 1.577100 0.000000 0.000000 0.000000 1.000000
0.983978 0.134243 -0.117330 0.000000 -0.161788 0.948818 -0.271236 9.226300 0.074914 0.285873 0.955335 1.577100 0.000000 0.000000 0.000000 1.000000
0.984087 0.134107 -0.116566 -0.000000 -0.161398 0.949029 -0.270731 9.226300 0.074317 0.285236 0.955572 1.577100 0.000000 0.000000 0.000000 1.000000
0.984164 0.134170 -0.115845 -0.000000 -0.161227 0.949146 -0.270423 9.226300 0.073671 0.284818 0.955747 1.577100 0.000000 0.000000 0.000000 1.000000
0.984183 0.134408 -0.115407 0.000000 -0.161316 0.949185 -0.270232 9.226300 0.073222 0.284575 0.955853 1.577100 0.000000 0.000000 0.000000 1.000000
0.984155 0.134629 -0.115385 0.000000 -0.161498 0.949249 -0.269898 9.226300 0.073193 0.284255 0.955951 1.577100 0.000000 0.000000 0.000000 1.000000
0.984131 0.134669 -0.115541 0.000000 -0.161543 0.949382 -0.269403 9.226300 0.073412 0.283793 0.956071 1.577100 0.000000 0.000000 0.000000 1.000000
0.984147 0.134527 -0.115572 0.000000 -0.161375 0.949557 -0.268886 9.226300 0.073570 0.283274 0.956213 1.577100 0.000000 0.000000 0.000000 1.000000
0.984181 0.134335 -0.115506 -0.000000 -0.161127 0.949760 -0.268315 9.226300 0.073659 0.282682 0.956381 1.577100 0.000000 0.000000 0.000000 1.000000
0.984206 0.134137 -0.115527 -0.000000 -0.160890 0.949993 -0.267634 9.226300 0.073850 0.281994 0.956570 1.577100 0.000000 0.000000 0.000000 1.000000
0.984225 0.133876 -0.115666 0.000000 -0.160628 0.950217 -0.266994 9.226300 0.074164 0.281361 0.956732 1.577100 0.000000 0.000000 0.000000 1.000000
0.984244 0.133581 -0.115845 0.000000 -0.160363 0.950372 -0.266604 9.226300 0.074482 0.280980 0.956819 1.577100 0.000000 0.000000 0.000000 1.000000
0.984255 0.133338 -0.116027 0.000000 -0.160167 0.950453 -0.266433 9.226300 0.074753 0.280822 0.956844 1.577100 0.000000 0.000000 0.000000 1.000000
0.984256 0.133156 -0.116234 0.000000 -0.160034 0.950528 -0.266243 9.226300 0.075032 0.280652 0.956872 1.577100 0.000000 0.000000 0.000000 1.000000
0.984247 0.132991 -0.116495 0.000000 -0.159925 0.950631 -0.265943 9.226300 0.075376 0.280384 0.956924 1.577100 0.000000 0.000000 0.000000 1.000000
0.984234 0.132807 -0.116814 0.000000 -0.159816 0.950726 -0.265668 9.226300 0.075776 0.280149 0.956961 1.577100 0.000000 0.000000 0.000000 1.000000
0.984226 0.132537 -0.117188 -0.000000 -0.159646 0.950807 -0.265480 9.226300 0.076237 0.280001 0.956968 1.577100 0.000000 0.000000 0.000000 1.000000
0.984217 0.132212 -0.117629 0.000000 -0.159444 0.950885 -0.265322 9.226300 0.076773 0.279890 0.956957 1.577100 0.000000 0.000000 0.000000 1.000000
0.984188 0.132022 -0.118088 -0.000000 -0.159380 0.950932 -0.265190 9.226300 0.077283 0.279818 0.956937 1.577100 0.000000 0.000000 0.000000 1.000000
0.984137 0.132051 -0.118480 0.000000 -0.159515 0.950925 -0.265136 9.226300 0.077654 0.279830 0.956904 1.577100 0.000000 0.000000 0.000000 1.000000
0.984073 0.132152 -0.118895 -0.000000 -0.159732 0.950880 -0.265165 9.226300 0.078013 0.279933 0.956844 1.577100 0.000000 0.000000 0.000000 1.000000
0.983995 0.132175 -0.119514 0.000000 -0.159931 0.950838 -0.265195 9.226300 0.078586 0.280065 0.956759 1.577100 0.000000 0.000000 0.000000 1.000000
0.983909 0.132107 -0.120298 0.000000 -0.160081 0.950834 -0.265121 9.226300 0.079359 0.280113 0.956681 1.577100 0.000000 0.000000 0.000000 1.000000
0.983829 0.131989 -0.121077 0.000000 -0.160176 0.950858 -0.264978 9.226300 0.080153 0.280086 0.956623 1.577100 0.000000 0.000000 0.000000 1.000000
0.983752 0.131872 -0.121827 -0.000000 -0.160269 0.950863 -0.264902 9.226300 0.080907 0.280123 0.956548 1.577100 0.000000 0.000000 0.000000 1.000000
0.983664 0.131797 -0.122614 0.000000 -0.160424 0.950822 -0.264956 9.226300 0.081663 0.280298 0.956433 1.577100 0.000000 0.000000 0.000000 1.000000
0.983569 0.131725 -0.123455 0.000000 -0.160604 0.950756 -0.265086 9.226300 0.082457 0.280557 0.956289 1.577100 0.000000 0.000000 0.000000 1.000000
0.983479 0.131613 -0.124288 -0.000000 -0.160744 0.950693 -0.265226 9.226300 0.083252 0.280823 0.956142 1.577100 0.000000 0.000000 0.000000 1.000000
0.983401 0.131473 -0.125052 -0.000000 -0.160833 0.950651 -0.265321 9.226300 0.083998 0.281029 0.956016 1.577100 0.000000 0.000000 0.000000 1.000000
0.983333 0.131301 -0.125766 0.000000 -0.160871 0.950644 -0.265325 9.226300 0.084721 0.281135 0.955921 1.577100 0.000000 0.000000 0.000000 1.000000
0.983267 0.131060 -0.126528 0.000000 -0.160850 0.950661 -0.265275 9.226300 0.085518 0.281188 0.955835 1.577100 0.000000 0.000000 0.000000 1.000000
0.983189 0.130789 -0.127409 -0.000000 -0.160839 0.950664 -0.265272 9.226300 0.086428 0.281305 0.955718 1.577100 0.000000 0.000000 0.000000 1.000000
0.983096 0.130551 -0.128367 0.000000 -0.160887 0.950637 -0.265339 9.226300 0.087390 0.281506 0.955572 1.577100 0.000000 0.000000 0.000000 1.000000
0.983005 0.130333 -0.129282 0.000000 -0.160947 0.950599 -0.265439 9.226300 0.088300 0.281735 0.955420 1.577100 0.000000 0.000000 0.000000 1.000000
0.982911 0.130197 -0.130132 -0.000000 -0.161073 0.950529 -0.265612 9.226300 0.089112 0.282034 0.955257 1.577100 0.000000 0.000000 0.000000 1.000000
0.982802 0.130211 -0.130942 -0.000000 -0.161345 0.950401 -0.265906 9.226300 0.089823 0.282459 0.955065 1.577100 0.000000 0.000000 0.000000 1.000000
0.982708 0.130245 -0.131613 -0.000000 -0.161611 0.950237 -0.266328 9.226300 0.090376 0.282993 0.954855 1.577100 0.000000 0.000000 0.000000 1.000000
0.982674 0.130093 -0.132012 0.000000 -0.161633 0.950072 -0.266903 9.226300 0.090698 0.283616 0.954639 1.577100 0.000000 0.000000 0.000000 1.000000
0.982700 0.129812 -0.132097 0.000000 -0.161449 0.949916 -0.267570 9.226300 0.090747 0.284268 0.954441 1.577100 0.000000 0.000000 0.000000 1.000000
0.982726 0.129732 -0.131983 0.000000 -0.161395 0.949758 -0.268163 9.226300 0.090563 0.284832 0.954290 1.577100 0.000000 0.000000 0.000000 1.000000
0.982707 0.129962 -0.131894 0.000000 -0.161645 0.949559 -0.268718 9.226300 0.090318 0.285391 0.954146 1.577100 0.000000 0.000000 0.000000 1.000000
0.982654 0.130273 -0.131986 0.000000 -0.162036 0.949297 -0.269405 9.226300 0.090198 0.286118 0.953939 1.577100 0.000000 0.000000 0.000000 1.000000
0.982592 0.130519 -0.132201 -0.000000 -0.162402 0.949037 -0.270101 9.226300 0.090211 0.286869 0.953713 1.577100 0.000000 0.000000 0.000000 1.000000
0.982540 0.130732 -0.132377 -0.000000 -0.162705 0.948846 -0.270588 9.226300 0.090231 0.287402 0.953550 1.577100 0.000000 0.000000 0.000000 1.000000
0.982492 0.130977 -0.132496 0.000000 -0.163010 0.948693 -0.270942 9.226300 0.090211 0.287796 0.953433 1.577100 0.000000 0.000000 0.000000 1.000000
0.982452 0.131197 -0.132570 0.000000 -0.163285 0.948521 -0.271377 9.226300 0.090141 0.288261 0.953300 1.577100 0.000000 0.000000 0.000000 1.000000
0.982466 0.131210 -0.132455 0.000000 -0.163322 0.948339 -0.271989 9.226300 0.089924 0.288853 0.953141 1.577100 0.000000 0.000000 0.000000 1.000000
0.982536 0.131006 -0.132136 -0.000000 -0.163099 0.948171 -0.272710 9.226300 0.089561 0.289499 0.952979 1.577100 0.000000 0.000000 0.000000 1.000000
0.982611 0.130780 -0.131802 0.000000 -0.162848 0.948015 -0.273401 9.226300 0.089195 0.290111 0.952827 1.577100 0.000000 0.000000 0.000000 1.000000
0.982667 0.130662 -0.131507 0.000000 -0.162704 0.947863 -0.274014 9.226300 0.088847 0.290661 0.952692 1.577100 0.000000 0.000000 0.000000 1.000000
0.982699 0.130699 -0.131229 -0.000000 -0.162714 0.947686 -0.274619 9.226300 0.088471 0.291221 0.952556 1.577100 0.000000 0.000000 0.000000 1.000000
0.982695 0.130962 -0.130997 0.000000 -0.162968 0.947431 -0.275349 9.226300 0.088050 0.291932 0.952378 1.577100 0.000000 0.000000 0.000000 1.000000
0.982657 0.131462 -0.130782 0.000000 -0.163475 0.947061 -0.276319 9.226300 0.087533 0.292906 0.952126 1.577100 0.000000 0.000000 0.000000 1.000000
0.982618 0.132000 -0.130528 0.000000 -0.164021 0.946636 -0.277449 9.226300 0.086939 0.294036 0.951832 1.577100 0.000000 0.000000 0.000000 1.000000
0.982636 0.132208 -0.130179 0.000000 -0.164205 0.946323 -0.278406 9.226300 0.086384 0.294948 0.951600 1.577100 0.000000 0.000000 0.000000 1.000000
0.982745 0.131897 -0.129671 0.000000 -0.163805 0.946227 -0.278966 9.226300 0.085904 0.295393 0.951506 1.577100 0.000000 0.000000 0.000000 1.000000
0.982902 0.131345 -0.129045 0.000000 -0.163114 0.946253 -0.279282 9.226300 0.085427 0.295556 0.951498 1.577100 0.000000 0.000000 0.000000 1.000000
0.983040 0.130972 -0.128373 0.000000 -0.162582 0.946255 -0.279587 9.226300 0.084855 0.295716 0.951500 1.577100 0.000000 0.000000 0.000000 1.000000
0.983147 0.130876 -0.127643 0.000000 -0.162297 0.946216 -0.279884 9.226300 0.084148 0.295883 0.951511 1.577100 0.000000 0.000000 0.000000 1.000000
0.983243 0.130873 -0.126911 0.000000 -0.162091 0.946199 -0.280062 9.226300 0.083431 0.295940 0.951556 1.577100 0.000000 0.000000 0.000000 1.000000
0.983334 0.130785 -0.126288 -0.000000 -0.161821 0.946244 -0.280066 9.226300 0.082870 0.295835 0.951638 1.577100 0.000000 0.000000 0.000000 1.000000
0.983419 0.130620 -0.125799 0.000000 -0.161506 0.946326 -0.279968 9.226300 0.082478 0.295643 0.951731 1.577100 0.000000 0.000000 0.000000 1.000000
0.983478 0.130583 -0.125375 0.000000 -0.161334 0.946388 -0.279858 9.226300 0.082109 0.295461 0.951820 1.577100 0.000000 0.000000 0.000000 1.000000
0.983493 0.130856 -0.124971 0.000000 -0.161456 0.946439 -0.279617 9.226300 0.081688 0.295178 0.951944 1.577100 0.000000 0.000000 0.000000 1.000000
0.983480 0.131282 -0.124631 0.000000 -0.161714 0.946570 -0.279024 9.226300 0.081341 0.294569 0.952162 1.577100 0.000000 0.000000 0.000000 1.000000
0.983489 0.131419 -0.124411 -0.000000 -0.161705 0.946834 -0.278132 9.226300 0.081245 0.293658 0.952452 1.577100 0.000000 0.000000 0.000000 1.000000
0.983563 0.131050 -0.124215 0.000000 -0.161219 0.947165 -0.277286 9.226300 0.081314 0.292754 0.952724 1.577100 0.000000 0.000000 0.000000 1.000000
0.983697 0.130416 -0.123819 0.000000 -0.160444 0.947458 -0.276733 9.226300 0.081223 0.292087 0.952936 1.577100 0.000000 0.000000 0.000000 1.000000
0.983853 0.129860 -0.123162 0.000000 -0.159684 0.947690 -0.276376 9.226300 0.080829 0.291581 0.953125 1.577100 0.000000 0.000000 0.000000 1.000000
0.983975 0.129538 -0.122525 0.000000 -0.159152 0.947902 -0.275957 9.226300 0.080395 0.291035 0.953329 1.577100 0.000000 0.000000 0.000000 1.000000
0.984024 0.129483 -0.122190 0.000000 -0.158951 0.948105 -0.275375 9.226300 0.080193 0.290398 0.953540 1.577100 0.000000 0.000000 0.000000 1.000000
0.984023 0.129572 -0.122102 -0.000000 -0.158956 0.948295 -0.274718 9.226300 0.080193 0.289738 0.953740 1.577100 0.000000 0.000000 0.000000 1.000000
0.984028 0.129534 -0.122103 0.000000 -0.158863 0.948505 -0.274045 9.226300 0.080317 0.289065 0.953934 1.577100 0.000000 0.000000 0.000000 1.000000
0.984060 0.129232 -0.122169 -0.000000 -0.158536 0.948751 -0.273383 9.226300 0.080578 0.288393 0.954115 1.577100 0.000000 0.000000 0.000000 1.000000
0.984104 0.128782 -0.122287 0.000000 -0.158086 0.948997 -0.272788 9.226300 0.080920 0.287783 0.954271 1.577100 0.000000 0.000000 0.000000 1.000000
0.984133 0.128394 -0.122463 0.000000 -0.157717 0.949210 -0.272260 9.226300 0.081287 0.287255 0.954399 1.577100 0.000000 0.000000 0.000000 1.000000
0.984119 0.128175 -0.122807 0.000000 -0.157563 0.949379 -0.271759 9.226300 0.081757 0.286793 0.954497 1.577100 0.000000 0.000000 0.000000 1.000000
0.984075 0.127996 -0.123347 0.000000 -0.157506 0.949521 -0.271295 9.226300 0.082396 0.286402 0.954560 1.577100 0.000000 0.000000 0.000000 1.000000
0.984042 0.127670 -0.123940 0.000000 -0.157327 0.949670 -0.270880 9.226300 0.083119 0.286056 0.954601 1.577100 0.000000 0.000000 0.000000 1.000000</float_array>
        <technique_common>
          <accessor source="#mixamorig_Spine-Matrix-animation-output-transform-array" count="101" stride="16">
            <param type="float4x4"/>
          </accessor>
        </technique_common>
      </source>
      <source id="mixamorig_Spine-Interpolations">
        <Name_array id="mixamorig_Spine-Interpolations-array" count="101">
 LINEAR LINEAR LINEAR LINEAR LINEAR LINEAR LINEAR LINEAR LINEAR LINEAR LINEAR
LINEAR LINEAR LINEAR LINEAR LINEAR LINEAR LINEAR LINEAR LINEAR LINEAR LINEAR LINEAR
LINEAR LINEAR LINEAR LINEAR LINEAR LINEAR LINEAR LINEAR LINEAR LINEAR LINEAR LINEAR
LINEAR LINEAR LINEAR LINEAR LINEAR LINEAR LINEAR LINEAR LINEAR LINEAR LINEAR LINEAR
LINEAR LINEAR LINEAR LINEAR LINEAR LINEAR LINEAR LINEAR LINEAR LINEAR LINEAR LINEAR
LINEAR LINEAR LINEAR LINEAR LINEAR LINEAR LINEAR LINEAR LINEAR LINEAR LINEAR LINEAR
LINEAR LINEAR LINEAR LINEAR LINEAR LINEAR LINEAR LINEAR LINEAR LINEAR LINEAR LINEAR
LINEAR LINEAR LINEAR LINEAR LINEAR LINEAR LINEAR LINEAR LINEAR LINEAR LINEAR LINEAR
LINEAR LINEAR LINEAR LINEAR LINEAR LINEAR</Name_array>
        <technique_common>
          <accessor source="#mixamorig_Spine-Interpolations-array" count="101">
            <param type="name"/>
          </accessor>
        </technique_common>
      </source>
      <sampler id="mixamorig_Spine-Matrix-animation-transform">
        <input semantic="INPUT" source="#mixamorig_Spine-Matrix-animation-input"/>
        <input semantic="OUTPUT" source="#mixamorig_Spine-Matrix-animation-output-transform"/>
        <input semantic="INTERPOLATION" source="#mixamorig_Spine-Interpolations"/>
      </sampler>
      <channel source="#mixamorig_Spine-Matrix-animation-transform" target="mixamorig_Spine/matrix"/>
    </animation>
    <animation id="mixamorig_Spine1-anim" name="mixamorig_Spine1">
      <source id="mixamorig_Spine1-Matrix-animation-input">
        <float_array id="mixamorig_Spine1-Matrix-animation-input-array" count="101">

0.000000 0.033333 0.066667 0.100000 0.133333 0.166667 0.200000 0.233333 0.266667 0.300000 0.333333 0.366667 0.400000 0.433333 0.466667 0.500000
0.533333 0.566667 0.600000 0.633333 0.666667 0.700000 0.733333 0.766667 0.800000 0.833333 0.866667 0.900000 0.933333 0.966667 1.000000 1.033333
1.066667 1.100000 1.133333 1.166667 1.200000 1.233333 1.266667 1.300000 1.333333 1.366667 1.400000 1.433333 1.466667 1.500000 1.533333 1.566667
1.600000 1.633333 1.666667 1.700000 1.733333 1.766667 1.800000 1.833333 1.866667 1.900000 1.933333 1.966667 2.000000 2.033333 2.066667 2.100000
2.133333 2.166667 2.200000 2.233333 2.266667 2.300000 2.333333 2.366667 2.400000 2.433333 2.466667 2.500000 2.533333 2.566667 2.600000 2.633333
2.666667 2.700000 2.733333 2.766667 2.800000 2.833333 2.866667 2.900000 2.933333 2.966667 3.000000 3.033333 3.066667 3.100000 3.133333 3.166667
3.200000 3.233333 3.266667 3.300000 3.333333</float_array>
        <technique_common>
          <accessor source="#mixamorig_Spine1-Matrix-animation-input-array" count="101">
            <param name="TIME" type="float"/>
          </accessor>
        </technique_common>
      </source>
      <source id="mixamorig_Spine1-Matrix-animation-output-transform">
        <float_array id="mixamorig_Spine1-Matrix-animation-output-transform-array" count="1616">

0.997420 0.070775 0.011973 0.000000 -0.071778 0.984661 0.159030 16.254801 -0.000534 -0.159480 0.987201 0.000000 0.000000 0.000000 0.000000 1.000000
0.997420 0.070778 0.011983 0.000000 -0.071783 0.984631 0.159214 16.254801 -0.000530 -0.159664 0.987171 0.000000 0.000000 0.000000 0.000000 1.000000
0.997414 0.070860 0.011984 0.000000 -0.071865 0.984609 0.159313 16.254801 -0.000511 -0.159762 0.987155 0.000000 0.000000 0.000000 0.000000 1.000000
0.997404 0.071004 0.012013 -0.000000 -0.072012 0.984609 0.159245 16.254801 -0.000521 -0.159696 0.987166 0.000000 0.000000 0.000000 0.000000 1.000000
0.997396 0.071105 0.012082 0.000000 -0.072122 0.984626 0.159090 16.254801 -0.000584 -0.159547 0.987190 0.000000 0.000000 0.000000 0.000000 1.000000
0.997389 0.071178 0.012174 0.000000 -0.072209 0.984644 0.158943 16.254801 -0.000674 -0.159407 0.987213 0.000000 0.000000 0.000000 0.000000 1.000000
0.997377 0.071332 0.012266 0.000000 -0.072375 0.984656 0.158793 16.254801 -0.000751 -0.159264 0.987236 -0.000000 0.000000 0.000000 0.000000 1.000000
0.997361 0.071548 0.012335 0.000000 -0.072599 0.984669 0.158607 16.254801 -0.000798 -0.159084 0.987265 -0.000000 0.000000 0.000000 0.000000 1.000000
0.997350 0.071689 0.012355 0.000000 -0.072742 0.984693 0.158393 16.254801 -0.000811 -0.158872 0.987299 0.000000 0.000000 0.000000 0.000000 1.000000
0.997349 0.071718 0.012317 0.000000 -0.072764 0.984735 0.158124 16.254801 -0.000789 -0.158601 0.987342 -0.000000 0.000000 0.000000 0.000000 1.000000
