<?xml version="1.0" encoding="utf-8"?>
<COLLADA xmlns="http://www.collada.org/2005/11/COLLADASchema" version="1.4.1">
  <asset>
    <contributor>
      <author>Mixamo</author>
      <authoring_tool>COLLADA Mixamo exporter</authoring_tool>
      <comments/>
    </contributor>
    <created>2024-04-21T17:43:31Z</created>
    <modified>2024-04-21T17:43:31Z</modified>
    <revision/>
    <title/>
    <unit meter="0.010000"/>
    <up_axis>Y_UP</up_axis>
  </asset>
  <library_animations>
    <animation id="mixamorig_Hips-anim" name="mixamorig_Hips">
      <source id="mixamorig_Hips-Matrix-animation-input">
        <float_array id="mixamorig_Hips-Matrix-animation-input-array" count="181">

0.000000 0.033333 0.066667 0.100000 0.133333 0.166667 0.200000 0.233333 0.266667 0.300000 0.333333 0.366667 0.400000 0.433333 0.466667 0.500000
0.533333 0.566667 0.600000 0.633333 0.666667 0.700000 0.733333 0.766667 0.800000 0.833333 0.866667 0.900000 0.933333 0.966667 1.000000 1.033333
1.066667 1.100000 1.133333 1.166667 1.200000 1.233333 1.266667 1.300000 1.333333 1.366667 1.400000 1.433333 1.466667 1.500000 1.533333 1.566667
1.600000 1.633333 1.666667 1.700000 1.733333 1.766667 1.800000 1.833333 1.866667 1.900000 1.933333 1.966667 2.000000 2.033333 2.066667 2.100000
2.133333 2.166667 2.200000 2.233333 2.266667 2.300000 2.333333 2.366667 2.400000 2.433333 2.466667 2.500000 2.533333 2.566667 2.600000 2.633333
2.666667 2.700000 2.733333 2.766667 2.800000 2.833333 2.866667 2.900000 2.933333 2.966667 3.000000 3.033333 3.066667 3.100000 3.133333 3.166667
3.200000 3.233333 3.266667 3.300000 3.333333 3.366667 3.400000 3.433333 3.466667 3.500000 3.533333 3.566667 3.600000 3.633333 3.666667 3.700000
3.733333 3.766667 3.800000 3.833333 3.866667 3.900000 3.933333 3.966667 4.000000 4.033333 4.066667 4.100000 4.133333 4.166667 4.200000 4.233333
4.266667 4.300000 4.333333 4.366667 4.400000 4.433333 4.466667 4.500000 4.533333 4.566667 4.600000 4.633333 4.666667 4.700000 4.733333 4.766667
4.800000 4.833333 4.866667 4.900000 4.933333 4.966667 5.000000 5.033333 5.066667 5.100000 5.133333 5.166667 5.200000 5.233333 5.266667 5.300000
5.333333 5.366667 5.400000 5.433333 5.466667 5.500000 5.533333 5.566667 5.600000 5.633333 5.666667 5.700000 5.733333 5.766667 5.800000 5.833333
5.866667 5.900000 5.933333 5.966667 6.000000</float_array>
        <technique_common>
          <accessor source="#mixamorig_Hips-Matrix-animation-input-array" count="181">
            <param name="TIME" type="float"/>
          </accessor>
        </technique_common>
      </source>
      <source id="mixamorig_Hips-Matrix-animation-output-transform">
        <float_array id="mixamorig_Hips-Matrix-animation-output-transform-array" count="2896">

0.995608 0.046489 -0.081263 4.559133 -0.045534 0.998871 0.013572 95.460190 0.081802 -0.009812 0.996600 -0.293125 0.000000 0.000000 0.000000 1.000000
0.995577 0.046289 -0.081757 4.562455 -0.045336 0.998881 0.013475 95.460205 0.082289 -0.009709 0.996561 -0.296765 0.000000 0.000000 0.000000 1.000000
0.995547 0.046261 -0.082130 4.564663 -0.045307 0.998883 0.013437 95.460045 0.082660 -0.009656 0.996531 -0.297242 0.000000 0.000000 0.000000 1.000000
0.995534 0.046252 -0.082292 4.567257 -0.045298 0.998883 0.013431 95.459816 0.082821 -0.009643 0.996518 -0.297415 0.000000 0.000000 0.000000 1.000000
0.995531 0.046254 -0.082338 4.570401 -0.045302 0.998884 0.013389 95.459557 0.082865 -0.009599 0.996515 -0.297506 0.000000 0.000000 0.000000 1.000000
0.995528 0.046248 -0.082368 4.574265 -0.045306 0.998885 0.013276 95.459534 0.082890 -0.009485 0.996514 -0.297527 0.000000 0.000000 0.000000 1.000000
0.995526 0.046227 -0.082405 4.578908 -0.045295 0.998887 0.013147 95.459496 0.082921 -0.009356 0.996512 -0.297160 0.000000 0.000000 0.000000 1.000000
0.995524 0.046203 -0.082446 4.584312 -0.045275 0.998889 0.013099 95.459274 0.082959 -0.009308 0.996509 -0.296036 0.000000 0.000000 0.000000 1.000000
0.995517 0.046204 -0.082525 4.590521 -0.045271 0.998888 0.013145 95.458939 0.083041 -0.009350 0.996502 -0.294151 0.000000 0.000000 0.000000 1.000000
0.995503 0.046252 -0.082668 4.597493 -0.045313 0.998886 0.013192 95.458542 0.083186 -0.009387 0.996490 -0.291916 0.000000 0.000000 0.000000 1.000000
0.995491 0.046343 -0.082761 4.604932 -0.045403 0.998881 0.013204 95.458130 0.083280 -0.009387 0.996482 -0.289547 0.000000 0.000000 0.000000 1.000000
0.995497 0.046513 -0.082591 4.611895 -0.045569 0.998873 0.013284 95.457581 0.083116 -0.009461 0.996495 -0.282060 0.000000 0.000000 0.000000 1.000000
0.995523 0.046763 -0.082144 4.618245 -0.045807 0.998859 0.013484 95.456772 0.082680 -0.009661 0.996529 -0.274384 0.000000 0.000000 0.000000 1.000000
0.995549 0.047026 -0.081675 4.625176 -0.046056 0.998845 0.013713 95.455910 0.082225 -0.009890 0.996565 -0.267378 0.000000 0.000000 0.000000 1.000000
0.995559 0.047257 -0.081422 4.633761 -0.046277 0.998832 0.013882 95.455269 0.081983 -0.010053 0.996583 -0.260674 0.000000 0.000000 0.000000 1.000000
0.995553 0.047425 -0.081394 4.644486 -0.046438 0.998823 0.013980 95.454842 0.081962 -0.010138 0.996584 -0.252735 0.000000 0.000000 0.000000 1.000000
0.995538 0.047489 -0.081543 4.657626 -0.046497 0.998820 0.014021 95.454636 0.082113 -0.010167 0.996571 -0.242301 0.000000 0.000000 0.000000 1.000000
0.995509 0.047450 -0.081921 4.673004 -0.046452 0.998822 0.014046 95.454483 0.082491 -0.010178 0.996540 -0.228508 0.000000 0.000000 0.000000 1.000000
0.995461 0.047351 -0.082558 4.690107 -0.046343 0.998826 0.014085 95.454300 0.083128 -0.010195 0.996487 -0.211269 0.000000 0.000000 0.000000 1.000000
0.995392 0.047284 -0.083420 4.708072 -0.046261 0.998829 0.014161 95.454163 0.083992 -0.010237 0.996414 -0.192931 0.000000 0.000000 0.000000 1.000000
0.995291 0.047361 -0.084579 4.726128 -0.046311 0.998824 0.014336 95.453995 0.085158 -0.010351 0.996314 -0.178565 0.000000 0.000000 0.000000 1.000000
0.995143 0.047596 -0.086169 4.744445 -0.046502 0.998811 0.014654 95.453735 0.086764 -0.010576 0.996173 -0.174874 0.000000 0.000000 0.000000 1.000000
0.994955 0.047930 -0.088127 4.763314 -0.046782 0.998792 0.015052 95.453377 0.088742 -0.010854 0.995996 -0.170346 0.000000 0.000000 0.000000 1.000000
0.994759 0.048343 -0.090100 4.782060 -0.047147 0.998770 0.015362 95.453117 0.090731 -0.011033 0.995814 -0.166221 0.000000 0.000000 0.000000 1.000000
0.994594 0.048814 -0.091656 4.799793 -0.047591 0.998747 0.015485 95.452995 0.092297 -0.011039 0.995670 -0.163261 0.000000 0.000000 0.000000 1.000000
0.994481 0.049334 -0.092595 4.816095 -0.048100 0.998722 0.015508 95.453094 0.093242 -0.010968 0.995583 -0.161354 0.000000 0.000000 0.000000 1.000000
0.994418 0.049898 -0.092973 4.831054 -0.048656 0.998694 0.015580 95.453285 0.093629 -0.010970 0.995547 -0.160274 0.000000 0.000000 0.000000 1.000000
0.994392 0.050472 -0.092938 4.844994 -0.049215 0.998664 0.015766 95.453560 0.093609 -0.011104 0.995547 -0.160208 0.000000 0.000000 0.000000 1.000000
0.994393 0.050980 -0.092651 4.858346 -0.049706 0.998636 0.016005 95.453896 0.093341 -0.011310 0.995570 -0.161491 0.000000 0.000000 0.000000 1.000000
0.994407 0.051395 -0.092272 4.871336 -0.050106 0.998612 0.016230 95.454254 0.092978 -0.011516 0.995602 -0.164259 0.000000 0.000000 0.000000 1.000000
0.994421 0.051808 -0.091884 4.883584 -0.050508 0.998589 0.016424 95.454559 0.092606 -0.011691 0.995634 -0.168483 0.000000 0.000000 0.000000 1.000000
0.994429 0.052319 -0.091507 4.894687 -0.051011 0.998560 0.016578 95.454781 0.092242 -0.011818 0.995666 -0.174171 0.000000 0.000000 0.000000 1.000000
0.994431 0.052920 -0.091145 4.904768 -0.051612 0.998528 0.016646 95.455025 0.091892 -0.011849 0.995698 -0.181729 0.000000 0.000000 0.000000 1.000000
0.994428 0.053549 -0.090809 4.914064 -0.052248 0.998495 0.016645 95.455368 0.091564 -0.011807 0.995729 -0.191180 0.000000 0.000000 0.000000 1.000000
0.994423 0.054155 -0.090500 4.922655 -0.052859 0.998463 0.016659 95.455788 0.091263 -0.011783 0.995757 -0.201885 0.000000 0.000000 0.000000 1.000000
0.994419 0.054698 -0.090213 4.930533 -0.053402 0.998433 0.016724 95.456261 0.090987 -0.011813 0.995782 -0.213367 0.000000 0.000000 0.000000 1.000000
0.994422 0.055143 -0.089915 4.937685 -0.053845 0.998408 0.016807 95.456879 0.090699 -0.011872 0.995808 -0.225480 0.000000 0.000000 0.000000 1.000000
0.994435 0.055476 -0.089563 4.944036 -0.054177 0.998389 0.016867 95.457535 0.090355 -0.011921 0.995838 -0.238215 0.000000 0.000000 0.000000 1.000000
0.994452 0.055721 -0.089219 4.949499 -0.054424 0.998375 0.016904 95.458206 0.090016 -0.011954 0.995869 -0.251436 0.000000 0.000000 0.000000 1.000000
0.994454 0.055929 -0.089065 4.954169 -0.054632 0.998363 0.016930 95.458733 0.089866 -0.011971 0.995882 -0.265050 0.000000 0.000000 0.000000 1.000000
0.994432 0.056035 -0.089242 4.959187 -0.054736 0.998357 0.016942 95.459274 0.090045 -0.011963 0.995866 -0.279135 0.000000 0.000000 0.000000 1.000000
0.994391 0.055997 -0.089727 4.964878 -0.054692 0.998360 0.016938 95.459892 0.090528 -0.011935 0.995822 -0.293692 0.000000 0.000000 0.000000 1.000000
0.994339 0.055859 -0.090390 4.970202 -0.054549 0.998368 0.016910 95.460587 0.091187 -0.011883 0.995763 -0.308761 0.000000 0.000000 0.000000 1.000000
0.994274 0.055694 -0.091196 4.974171 -0.054378 0.998378 0.016859 95.461311 0.091987 -0.011804 0.995690 -0.324340 0.000000 0.000000 0.000000 1.000000
0.994182 0.055526 -0.092296 4.983168 -0.054202 0.998389 0.016796 95.462128 0.093080 -0.011696 0.995590 -0.340386 0.000000 0.000000 0.000000 1.000000
0.994048 0.055336 -0.093840 4.989675 -0.054000 0.998401 0.016716 95.462952 0.094614 -0.011549 0.995447 -0.356931 0.000000 0.000000 0.000000 1.000000
0.993881 0.055159 -0.095696 4.993735 -0.053807 0.998413 0.016653 95.463745 0.096463 -0.011402 0.995271 -0.373825 0.000000 0.000000 0.000000 1.000000
0.993729 0.055039 -0.097334 4.997942 -0.053665 0.998420 0.016672 95.464272 0.098098 -0.011344 0.995112 -0.390767 0.000000 0.000000 0.000000 1.000000
0.993644 0.055034 -0.098194 4.999500 -0.053638 0.998419 0.016807 95.464272 0.098964 -0.011434 0.995025 -0.407607 0.000000 0.000000 0.000000 1.000000
0.993630 0.055155 -0.098276 4.998362 -0.053734 0.998410 0.017047 95.463730 0.099060 -0.011658 0.995013 -0.424300 0.000000 0.000000 0.000000 1.000000
0.993634 0.055310 -0.098145 4.996120 -0.053865 0.998398 0.017312 95.463074 0.098945 -0.011915 0.995022 -0.441012 0.000000 0.000000 0.000000 1.000000
0.993618 0.055417 -0.098247 4.994101 -0.053949 0.998390 0.017535 95.462502 0.099060 -0.012123 0.995008 -0.457917 0.000000 0.000000 0.000000 1.000000
0.993590 0.055477 -0.098492 4.992207 -0.053986 0.998384 0.017737 95.462006 0.099317 -0.012306 0.994980 -0.474928 0.000000 0.000000 0.000000 1.000000
0.993574 0.055542 -0.098623 4.989734 -0.054027 0.998378 0.017975 95.461472 0.099461 -0.012531 0.994963 -0.491825 0.000000 0.000000 0.000000 1.000000
0.993570 0.055627 -0.098617 4.986528 -0.054084 0.998370 0.018255 95.460815 0.099471 -0.012804 0.994958 -0.508497 0.000000 0.000000 0.000000 1.000000
0.993566 0.055683 -0.098624 4.983071 -0.054116 0.998363 0.018502 95.460190 0.099493 -0.013046 0.994953 -0.525126 0.000000 0.000000 0.000000 1.000000
0.993553 0.055649 -0.098770 4.979939 -0.054067 0.998364 0.018627 95.459808 0.099645 -0.013167 0.994936 -0.542048 0.000000 0.000000 0.000000 1.000000
0.993537 0.055537 -0.098992 4.977060 -0.053951 0.998370 0.018631 95.459587 0.099865 -0.013170 0.994914 -0.559256 0.000000 0.000000 0.000000 1.000000
0.993541 0.055496 -0.098976 4.973115 -0.053908 0.998372 0.018648 95.459198 0.099849 -0.013192 0.994915 -0.576212 0.000000 0.000000 0.000000 1.000000
0.993587 0.055676 -0.098410 4.966819 -0.054076 0.998359 0.018851 95.458160 0.099298 -0.013409 0.994967 -0.592168 0.000000 0.000000 0.000000 1.000000
0.993666 0.056048 -0.097403 4.958647 -0.054422 0.998332 0.019276 95.456390 0.098321 -0.013853 0.995058 -0.606908 0.000000 0.000000 0.000000 1.000000
0.993735 0.056438 -0.096466 4.950506 -0.054779 0.998303 0.019764 95.454132 0.097418 -0.014356 0.995140 -0.620914 0.000000 0.000000 0.000000 1.000000
0.993765 0.056691 -0.096005 4.944030 -0.055006 0.998283 0.020111 95.451508 0.096980 -0.014704 0.995178 -0.634933 0.000000 0.000000 0.000000 1.000000
0.993764 0.056811 -0.095948 4.939137 -0.055112 0.998274 0.020270 95.448669 0.096934 -0.014856 0.995180 -0.649164 0.000000 0.000000 0.000000 1.000000
0.993758 0.056888 -0.095964 4.934742 -0.055178 0.998269 0.020380 95.445663 0.096957 -0.014958 0.995176 -0.662997 0.000000 0.000000 0.000000 1.000000
0.993760 0.056965 -0.095901 4.930378 -0.055239 0.998261 0.020561 95.442619 0.096905 -0.015136 0.995179 -0.673731 0.000000 0.000000 0.000000 1.000000
0.993762 0.057034 -0.095837 4.926288 -0.055285 0.998254 0.020800 95.439827 0.096856 -0.015372 0.995180 -0.683744 0.000000 0.000000 0.000000 1.000000
0.993761 0.057058 -0.095834 4.922780 -0.055291 0.998249 0.021004 95.437531 0.096865 -0.015574 0.995176 -0.692825 0.000000 0.000000 0.000000 1.000000
0.993761 0.057005 -0.095865 4.919841 -0.055227 0.998251 0.021102 95.435928 0.096900 -0.015676 0.995171 -0.698494 0.000000 0.000000 0.000000 1.000000
0.993759 0.056866 -0.095962 4.917418 -0.055088 0.998259 0.021082 95.435394 0.096994 -0.015664 0.995162 -0.699775 0.000000 0.000000 0.000000 1.000000
0.993744 0.056687 -0.096228 4.915583 -0.054912 0.998270 0.021001 95.436424 0.097252 -0.015586 0.995138 -0.697593 0.000000 0.000000 0.000000 1.000000
0.993710 0.056550 -0.096656 4.914059 -0.054772 0.998279 0.020951 95.438789 0.097674 -0.015525 0.995097 -0.693046 0.000000 0.000000 0.000000 1.000000
0.993670 0.056476 -0.097110 4.912533 -0.054689 0.998283 0.020963 95.441971 0.098127 -0.015519 0.995053 -0.687427 0.000000 0.000000 0.000000 1.000000
0.993637 0.056402 -0.097491 4.910968 -0.054608 0.998288 0.020967 95.445442 0.098507 -0.015510 0.995016 -0.682107 0.000000 0.000000 0.000000 1.000000
0.993613 0.056275 -0.097807 4.909514 -0.054485 0.998296 0.020879 95.448799 0.098816 -0.015417 0.994986 -0.677047 0.000000 0.000000 0.000000 1.000000
0.993592 0.056100 -0.098123 4.908212 -0.054322 0.998309 0.020704 95.451569 0.099118 -0.015241 0.994959 -0.671583 0.000000 0.000000 0.000000 1.000000
0.993568 0.055906 -0.098472 4.907053 -0.054142 0.998323 0.020501 95.453247 0.099453 -0.015038 0.994929 -0.666420 0.000000 0.000000 0.000000 1.000000
0.993551 0.055713 -0.098756 4.905874 -0.053961 0.998336 0.020321 95.453819 0.099723 -0.014861 0.994904 -0.661955 0.000000 0.000000 0.000000 1.000000
0.993558 0.055555 -0.098771 4.904247 -0.053815 0.998347 0.020194 95.453644 0.099729 -0.014749 0.994905 -0.655749 0.000000 0.000000 0.000000 1.000000
0.993596 0.055454 -0.098446 4.901903 -0.053728 0.998353 0.020104 95.452957 0.099399 -0.014686 0.994939 -0.645359 0.000000 0.000000 0.000000 1.000000
0.993646 0.055364 -0.097993 4.895074 -0.053654 0.998359 0.019997 95.452080 0.098939 -0.014612 0.994986 -0.632342 0.000000 0.000000 0.000000 1.000000
0.993684 0.055200 -0.097703 4.885831 -0.053510 0.998370 0.019830 95.451180 0.098638 -0.014477 0.995018 -0.620419 0.000000 0.000000 0.000000 1.000000
0.993700 0.054910 -0.097704 4.877343 -0.053240 0.998389 0.019617 95.450249 0.098624 -0.014292 0.995022 -0.611222 0.000000 0.000000 0.000000 1.000000
0.993696 0.054521 -0.097958 4.869682 -0.052868 0.998413 0.019390 95.449303 0.098860 -0.014089 0.995002 -0.604101 0.000000 0.000000 0.000000 1.000000
0.993677 0.054135 -0.098365 4.862232 -0.052495 0.998437 0.019190 95.448257 0.099250 -0.013905 0.994965 -0.597212 0.000000 0.000000 0.000000 1.000000
0.993650 0.053847 -0.098795 4.854324 -0.052213 0.998454 0.019057 95.446861 0.099668 -0.013778 0.994925 -0.588523 0.000000 0.000000 0.000000 1.000000
0.993631 0.053662 -0.099085 4.845598 -0.052031 0.998465 0.018974 95.445297 0.099951 -0.013697 0.994898 -0.577072 0.000000 0.000000 0.000000 1.000000
0.993632 0.053542 -0.099135 4.835726 -0.051923 0.998473 0.018842 95.443703 0.099993 -0.013575 0.994896 -0.563884 0.000000 0.000000 0.000000 1.000000
0.993648 0.053420 -0.099045 4.825179 -0.051831 0.998483 0.018555 95.442307 0.099886 -0.013303 0.994910 -0.552030 0.000000 0.000000 0.000000 1.000000
0.993662 0.053249 -0.098998 4.814885 -0.051710 0.998499 0.018052 95.441406 0.099811 -0.012819 0.994924 -0.544279 0.000000 0.000000 0.000000 1.000000
0.993673 0.053038 -0.099002 4.805140 -0.051564 0.998518 0.017387 95.440689 0.099778 -0.012172 0.994935 -0.538282 0.000000 0.000000 0.000000 1.000000
0.993694 0.052835 -0.098894 4.795349 -0.051441 0.998538 0.016599 95.439888 0.099627 -0.011407 0.994960 -0.526865 0.000000 0.000000 0.000000 1.000000
0.993738 0.052665 -0.098543 4.784967 -0.051369 0.998557 0.015646 95.439255 0.099225 -0.010486 0.995010 -0.503687 0.000000 0.000000 0.000000 1.000000
0.993794 0.052488 -0.098069 4.774424 -0.051302 0.998577 0.014572 95.438965 0.098695 -0.009451 0.995073 -0.470190 0.000000 0.000000 0.000000 1.000000
0.993832 0.052321 -0.097773 4.764285 -0.051228 0.998594 0.013657 95.438995 0.098350 -0.008564 0.995115 -0.435851 0.000000 0.000000 0.000000 1.000000
0.993845 0.052271 -0.097673 4.754203 -0.051228 0.998600 0.013167 95.439232 0.098224 -0.008082 0.995131 -0.406741 0.000000 0.000000 0.000000 1.000000
0.993862 0.052419 -0.097423 4.743133 -0.051385 0.998593 0.013091 95.440018 0.097972 -0.008004 0.995157 -0.379594 0.000000 0.000000 0.000000 1.000000
0.993902 0.052663 -0.096879 4.731083 -0.051623 0.998579 0.013209 95.441513 0.097437 -0.008128 0.995208 -0.351224 0.000000 0.000000 0.000000 1.000000
0.993951 0.052793 -0.096302 4.719394 -0.051756 0.998572 0.013234 95.443779 0.096863 -0.008169 0.995264 -0.325009 0.000000 0.000000 0.000000 1.000000
0.993994 0.052734 -0.095893 4.708732 -0.051720 0.998577 0.013027 95.446655 0.096443 -0.007989 0.995306 -0.303481 0.000000 0.000000 0.000000 1.000000
0.994033 0.052585 -0.095569 4.698498 -0.051609 0.998587 0.012655 95.449608 0.096099 -0.007648 0.995342 -0.284752 0.000000 0.000000 0.000000 1.000000
0.994079 0.052475 -0.095149 4.687797 -0.051537 0.998595 0.012292 95.452499 0.095660 -0.007315 0.995387 -0.267143 0.000000 0.000000 0.000000 1.000000
0.994144 0.052440 -0.094488 4.676148 -0.051527 0.998599 0.012081 95.455391 0.094989 -0.007142 0.995453 -0.250327 0.000000 0.000000 0.000000 1.000000
0.994234 0.052435 -0.093542 4.663554 -0.051535 0.998599 0.012020 95.458038 0.094041 -0.007130 0.995543 -0.232785 0.000000 0.000000 0.000000 1.000000
0.994336 0.052420 -0.092451 4.650452 -0.051531 0.998599 0.011986 95.460457 0.092950 -0.007154 0.995645 -0.213136 0.000000 0.000000 0.000000 1.000000
0.994434 0.052381 -0.091416 4.637303 -0.051510 0.998602 0.011858 95.462631 0.091909 -0.007083 0.995742 -0.193432 0.000000 0.000000 0.000000 1.000000
0.994522 0.052305 -0.090502 4.624385 -0.051466 0.998608 0.011578 95.464363 0.090982 -0.006857 0.995829 -0.177667 0.000000 0.000000 0.000000 1.000000
0.994604 0.052203 -0.089654 4.611661 -0.051405 0.998615 0.011185 95.465752 0.090113 -0.006516 0.995910 -0.166548 0.000000 0.000000 0.000000 1.000000
0.994682 0.052096 -0.088842 4.599071 -0.051344 0.998623 0.010730 95.467079 0.089278 -0.006112 0.995988 -0.157197 0.000000 0.000000 0.000000 1.000000
0.994751 0.051988 -0.088131 4.586776 -0.051283 0.998632 0.010242 95.468422 0.088543 -0.005669 0.996056 -0.147193 0.000000 0.000000 0.000000 1.000000
0.994802 0.051869 -0.087624 4.575041 -0.051212 0.998640 0.009725 95.469833 0.088009 -0.005187 0.996106 -0.137318 0.000000 0.000000 0.000000 1.000000
0.994831 0.051733 -0.087381 4.564000 -0.051126 0.998650 0.009174 95.471397 0.087738 -0.004659 0.996133 -0.129475 0.000000 0.000000 0.000000 1.000000
0.994844 0.051582 -0.087320 4.553478 -0.051023 0.998660 0.008622 95.472931 0.087648 -0.004122 0.996143 -0.123030 0.000000 0.000000 0.000000 1.000000
0.994863 0.051406 -0.087203 4.543023 -0.050889 0.998671 0.008136 95.474197 0.087505 -0.003657 0.996157 -0.115271 0.000000 0.000000 0.000000 1.000000
0.994908 0.051189 -0.086822 4.532360 -0.050706 0.998683 0.007769 95.475090 0.087106 -0.003327 0.996194 -0.104774 0.000000 0.000000 0.000000 1.000000
0.994981 0.050909 -0.086143 4.514768 -0.050446 0.998698 0.007546 95.475510 0.086415 -0.003162 0.996254 -0.092945 0.000000 0.000000 0.000000 1.000000
0.995078 0.050555 -0.085224 4.497869 -0.050101 0.998716 0.007455 95.475594 0.085492 -0.003149 0.996334 -0.081657 0.000000 0.000000 0.000000 1.000000
0.995196 0.050124 -0.084102 4.480867 -0.049672 0.998738 0.007469 95.475471 0.084370 -0.003256 0.996429 -0.069677 0.000000 0.000000 0.000000 1.000000
0.995326 0.049624 -0.082847 4.461469 -0.049169 0.998762 0.007526 95.475136 0.083117 -0.003417 0.996534 -0.053786 0.000000 0.000000 0.000000 1.000000
0.995444 0.049101 -0.081728 4.437341 -0.048645 0.998787 0.007564 95.474785 0.082000 -0.003554 0.996626 -0.033911 0.000000 0.000000 0.000000 1.000000
0.995517 0.048626 -0.081130 4.407846 -0.048171 0.998810 0.007564 95.474487 0.081401 -0.003622 0.996675 -0.014862 0.000000 0.000000 0.000000 1.000000
0.995535 0.048215 -0.081150 4.373116 -0.047760 0.998830 0.007546 95.473892 0.081419 -0.003637 0.996673 0.000751 0.000000 0.000000 0.000000 1.000000
0.995531 0.047816 -0.081432 4.332893 -0.047361 0.998850 0.007509 95.472961 0.081697 -0.003619 0.996651 0.017333 0.000000 0.000000 0.000000 1.000000
0.995546 0.047392 -0.081505 4.287200 -0.046941 0.998870 0.007436 95.471779 0.081765 -0.003577 0.996645 0.040068 0.000000 0.000000 0.000000 1.000000
0.995587 0.047044 -0.081202 4.237627 -0.046596 0.998886 0.007404 95.470444 0.081460 -0.003588 0.996670 0.066489 0.000000 0.000000 0.000000 1.000000
0.995633 0.046879 -0.080734 4.187603 -0.046424 0.998894 0.007506 95.469055 0.080996 -0.003725 0.996707 0.088239 0.000000 0.000000 0.000000 1.000000
0.995661 0.046867 -0.080386 4.139926 -0.046397 0.998893 0.007709 95.467743 0.080659 -0.003946 0.996734 0.101826 0.000000 0.000000 0.000000 1.000000
0.995671 0.046885 -0.080262 4.095969 -0.046402 0.998892 0.007866 95.466736 0.080542 -0.004108 0.996743 0.111118 0.000000 0.000000 0.000000 1.000000
0.995672 0.046799 -0.080300 4.056725 -0.046315 0.998896 0.007873 95.466202 0.080579 -0.004120 0.996740 0.120165 0.000000 0.000000 0.000000 1.000000
0.995675 0.046587 -0.080380 4.022385 -0.046112 0.998906 0.007757 95.466164 0.080654 -0.004017 0.996734 0.129342 0.000000 0.000000 0.000000 1.000000
0.995683 0.046326 -0.080432 3.992844 -0.045861 0.998919 0.007623 95.466408 0.080698 -0.003901 0.996731 0.136957 0.000000 0.000000 0.000000 1.000000
0.995687 0.046084 -0.080516 3.969772 -0.045624 0.998930 0.007544 95.466858 0.080777 -0.003838 0.996725 0.140771 0.000000 0.000000 0.000000 1.000000
0.995676 0.045885 -0.080769 3.955524 -0.045427 0.998940 0.007497 95.467552 0.081027 -0.003796 0.996705 0.139281 0.000000 0.000000 0.000000 1.000000
0.995649 0.045675 -0.081217 3.950413 -0.045223 0.998950 0.007386 95.468567 0.081470 -0.003681 0.996669 0.133825 0.000000 0.000000 0.000000 1.000000
0.995620 0.045387 -0.081737 3.954415 -0.044952 0.998964 0.007159 95.470039 0.081978 -0.003454 0.996628 0.127334 0.000000 0.000000 0.000000 1.000000
0.995600 0.045039 -0.082177 3.960341 -0.044624 0.998980 0.006886 95.471725 0.082403 -0.003189 0.996594 0.120300 0.000000 0.000000 0.000000 1.000000
0.995592 0.044712 -0.082444 3.967585 -0.044311 0.998995 0.006694 95.473862 0.082661 -0.003012 0.996573 0.110818 0.000000 0.000000 0.000000 1.000000
0.995599 0.044451 -0.082498 3.975839 -0.044052 0.999007 0.006644 95.476395 0.082711 -0.002980 0.996569 0.098283 0.000000 0.000000 0.000000 1.000000
0.995621 0.044251 -0.082340 3.985109 -0.043848 0.999016 0.006702 95.478905 0.082555 -0.003062 0.996582 0.084065 0.000000 0.000000 0.000000 1.000000
0.995652 0.044102 -0.082043 3.995515 -0.043691 0.999022 0.006806 95.480896 0.082263 -0.003192 0.996606 0.068497 0.000000 0.000000 0.000000 1.000000
0.995686 0.043993 -0.081692 4.007114 -0.043573 0.999026 0.006921 95.482437 0.081917 -0.003331 0.996634 0.051390 0.000000 0.000000 0.000000 1.000000
0.995721 0.043915 -0.081312 4.019845 -0.043485 0.999029 0.007061 95.483704 0.081543 -0.003495 0.996664 0.034679 0.000000 0.000000 0.000000 1.000000
0.995750 0.043874 -0.080975 4.033762 -0.043429 0.999030 0.007249 95.484558 0.081215 -0.003702 0.996690 0.019377 0.000000 0.000000 0.000000 1.000000
0.995758 0.043971 -0.080828 4.048190 -0.043508 0.999025 0.007478 95.484802 0.081078 -0.003930 0.996700 0.002884 0.000000 0.000000 0.000000 1.000000
0.995741 0.044247 -0.080877 4.062806 -0.043765 0.999012 0.007728 95.484711 0.081139 -0.004156 0.996694 -0.016214 0.000000 0.000000 0.000000 1.000000
0.995717 0.044610 -0.080979 4.078066 -0.044107 0.998995 0.007987 95.484604 0.081254 -0.004381 0.996684 -0.035694 0.000000 0.000000 0.000000 1.000000
0.995690 0.044949 -0.081126 4.094704 -0.044426 0.998979 0.008237 95.484489 0.081413 -0.004598 0.996670 -0.054982 0.000000 0.000000 0.000000 1.000000
0.995652 0.045170 -0.081467 4.113687 -0.044629 0.998968 0.008459 95.484413 0.081765 -0.004786 0.996640 -0.077106 0.000000 0.000000 0.000000 1.000000
0.995606 0.045287 -0.081959 4.134656 -0.044726 0.998962 0.008671 95.484329 0.082266 -0.004967 0.996598 -0.103515 0.000000 0.000000 0.000000 1.000000
0.995573 0.045389 -0.082305 4.156173 -0.044804 0.998956 0.008944 95.484062 0.082625 -0.005217 0.996567 -0.132717 0.000000 0.000000 0.000000 1.000000
0.995569 0.045521 -0.082280 4.177488 -0.044905 0.998948 0.009317 95.483521 0.082617 -0.005581 0.996566 -0.163747 0.000000 0.000000 0.000000 1.000000
0.995591 0.045692 -0.081914 4.198549 -0.045042 0.998937 0.009765 95.482750 0.082273 -0.006033 0.996592 -0.196023 0.000000 0.000000 0.000000 1.000000
0.995624 0.045853 -0.081429 4.219869 -0.045170 0.998927 0.010215 95.481956 0.081810 -0.006492 0.996627 -0.226863 0.000000 0.000000 0.000000 1.000000
0.995646 0.045938 -0.081116 4.242039 -0.045226 0.998921 0.010593 95.481407 0.081515 -0.006878 0.996648 -0.252917 0.000000 0.000000 0.000000 1.000000
0.995647 0.045916 -0.081110 4.265189 -0.045181 0.998920 0.010874 95.481239 0.081521 -0.007162 0.996646 -0.273717 0.000000 0.000000 0.000000 1.000000
0.995647 0.045831 -0.081154 4.288332 -0.045077 0.998922 0.011097 95.481255 0.081575 -0.007391 0.996640 -0.291100 0.000000 0.000000 0.000000 1.000000
0.995675 0.045747 -0.080861 4.310176 -0.044977 0.998924 0.011321 95.481155 0.081291 -0.007635 0.996661 -0.306274 0.000000 0.000000 0.000000 1.000000
0.995734 0.045672 -0.080178 4.330632 -0.044888 0.998925 0.011556 95.480888 0.080619 -0.007907 0.996714 -0.319128 0.000000 0.000000 0.000000 1.000000
0.995803 0.045590 -0.079353 4.350257 -0.044795 0.998927 0.011771 95.480499 0.079805 -0.008167 0.996777 -0.329798 0.000000 0.000000 0.000000 1.000000
0.995866 0.045521 -0.078607 4.369168 -0.044718 0.998928 0.011949 95.480141 0.079066 -0.008384 0.996834 -0.338813 0.000000 0.000000 0.000000 1.000000
0.995917 0.045496 -0.077970 4.387097 -0.044686 0.998928 0.012108 95.479828 0.078437 -0.008574 0.996882 -0.346087 0.000000 0.000000 0.000000 1.000000
0.995960 0.045543 -0.077392 4.403651 -0.044722 0.998924 0.012311 95.479393 0.077869 -0.008800 0.996925 -0.350439 0.000000 0.000000 0.000000 1.000000
0.995995 0.045624 -0.076899 4.419106 -0.044787 0.998917 0.012573 95.478737 0.077389 -0.009079 0.996960 -0.351508 0.000000 0.000000 0.000000 1.000000
0.996017 0.045676 -0.076580 4.434079 -0.044820 0.998912 0.012855 95.477921 0.077084 -0.009371 0.996981 -0.351084 0.000000 0.000000 0.000000 1.000000
0.996026 0.045699 -0.076449 4.448590 -0.044823 0.998909 0.013136 95.477081 0.076966 -0.009657 0.996987 -0.351241 0.000000 0.000000 0.000000 1.000000
0.996027 0.045713 -0.076425 4.462420 -0.044816 0.998905 0.013404 95.476288 0.076954 -0.009925 0.996985 -0.352694 0.000000 0.000000 0.000000 1.000000
0.996025 0.045718 -0.076448 4.475438 -0.044805 0.998903 0.013613 95.475471 0.076987 -0.010134 0.996981 -0.355164 0.000000 0.000000 0.000000 1.000000
0.996018 0.045689 -0.076556 4.487862 -0.044771 0.998904 0.013674 95.474792 0.077097 -0.010192 0.996971 -0.358698 0.000000 0.000000 0.000000 1.000000
0.996001 0.045619 -0.076821 4.499843 -0.044706 0.998908 0.013562 95.474266 0.077356 -0.010073 0.996953 -0.363117 0.000000 0.000000 0.000000 1.000000
0.995970 0.045548 -0.077265 4.511196 -0.044647 0.998914 0.013350 95.473839 0.077789 -0.009846 0.996921 -0.367576 0.000000 0.000000 0.000000 1.000000
0.995928 0.045527 -0.077814 4.521411 -0.044636 0.998917 0.013151 95.473312 0.078328 -0.009625 0.996881 -0.370279 0.000000 0.000000 0.000000 1.000000
0.995885 0.045588 -0.078330 4.529890 -0.044700 0.998915 0.013054 95.472565 0.078840 -0.009499 0.996842 -0.368906 0.000000 0.000000 0.000000 1.000000
0.995847 0.045708 -0.078735 4.536546 -0.044818 0.998910 0.013043 95.471451 0.079245 -0.009460 0.996810 -0.362749 0.000000 0.000000 0.000000 1.000000
0.995816 0.045836 -0.079054 4.541846 -0.044942 0.998904 0.013054 95.470238 0.079565 -0.009447 0.996785 -0.353214 0.000000 0.000000 0.000000 1.000000
0.995788 0.045942 -0.079347 4.546200 -0.045044 0.998899 0.013077 95.469078 0.079861 -0.009448 0.996761 -0.341725 0.000000 0.000000 0.000000 1.000000
0.995759 0.046033 -0.079653 4.549798 -0.045127 0.998895 0.013131 95.467896 0.080169 -0.009481 0.996736 -0.329140 0.000000 0.000000 0.000000 1.000000
0.995728 0.046139 -0.079979 4.552587 -0.045221 0.998889 0.013259 95.466492 0.080502 -0.009586 0.996708 -0.316255 0.000000 0.000000 0.000000 1.000000
0.995692 0.046285 -0.080341 4.554587 -0.045349 0.998881 0.013442 95.464844 0.080873 -0.009741 0.996677 -0.305117 0.000000 0.000000 0.000000 1.000000
0.995652 0.046451 -0.080745 4.556048 -0.045497 0.998872 0.013616 95.462982 0.081287 -0.009883 0.996642 -0.297895 0.000000 0.000000 0.000000 1.000000
0.995616 0.046572 -0.081119 4.557226 -0.045610 0.998866 0.013677 95.461349 0.081664 -0.009917 0.996611 -0.294776 0.000000 0.000000 0.000000 1.000000
0.995608 0.046489 -0.081263 4.559133 -0.045534 0.998871 0.013572 95.460197 0.081802 -0.009812 0.996600 -0.293125 0.000000 0.000000 0.000000 1.000000</float_array>
        <technique_common>
          <accessor source="#mixamorig_Hips-Matrix-animation-output-transform-array" count="181" stride="16">
            <param type="float4x4"/>
          </accessor>
        </technique_common>
      </source>
      <source id="mixamorig_Hips-Interpolations">
        <Name_array id="mixamorig_Hips-Interpolations-array" count="181">
 LINEAR LINEAR LINEAR LINEAR LINEAR LINEAR LINEAR LINEAR LINEAR LINEAR LINEAR
LINEAR LINEAR LINEAR LINEAR LINEAR LINEAR LINEAR LINEAR LINEAR LINEAR LINEAR LINEAR
LINEAR LINEAR LINEAR LINEAR LINEAR LINEAR LINEAR LINEAR LINEAR LINEAR LINEAR LINEAR
LINEAR LINEAR LINEAR LINEAR LINEAR LINEAR LINEAR LINEAR LINEAR LINEAR LINEAR LINEAR
LINEAR LINEAR LINEAR LINEAR LINEAR LINEAR LINEAR LINEAR LINEAR LINEAR LINEAR LINEAR
LINEAR LINEAR LINEAR LINEAR LINEAR LINEAR LINEAR LINEAR LINEAR LINEAR LINEAR LINEAR
LINEAR LINEAR LINEAR LINEAR LINEAR LINEAR LINEAR LINEAR LINEAR LINEAR LINEAR LINEAR
LINEAR LINEAR LINEAR LINEAR LINEAR LINEAR LINEAR LINEAR LINEAR LINEAR LINEAR LINEAR
LINEAR LINEAR LINEAR LINEAR LINEAR LINEAR LINEAR LINEAR LINEAR LINEAR LINEAR LINEAR
LINEAR LINEAR LINEAR LINEAR LINEAR LINEAR LINEAR LINEAR LINEAR LINEAR LINEAR LINEAR
LINEAR LINEAR LINEAR LINEAR LINEAR LINEAR LINEAR LINEAR LINEAR LINEAR LINEAR LINEAR
LINEAR LINEAR LINEAR LINEAR LINEAR LINEAR LINEAR LINEAR LINEAR LINEAR LINEAR LINEAR
LINEAR LINEAR LINEAR LINEAR LINEAR LINEAR LINEAR LINEAR LINEAR LINEAR LINEAR LINEAR
LINEAR LINEAR LINEAR LINEAR LINEAR LINEAR LINEAR LINEAR LINEAR LINEAR LINEAR LINEAR
LINEAR LINEAR LINEAR LINEAR LINEAR LINEAR LINEAR LINEAR LINEAR LINEAR LINEAR LINEAR
LINEAR LINEAR</Name_array>
        <technique_common>
          <accessor source="#mixamorig_Hips-Interpolations-array" count="181">
            <param type="name"/>
          </accessor>
        </technique_common>
      </source>
      <sampler id="mixamorig_Hips-Matrix-animation-transform">
        <input semantic="INPUT" source="#mixamorig_Hips-Matrix-animation-input"/>
        <input semantic="OUTPUT" source="#mixamorig_Hips-Matrix-animation-output-transform"/>
        <input semantic="INTERPOLATION" source="#mixamorig_Hips-Interpolations"/>
      </sampler>
      <channel source="#mixamorig_Hips-Matrix-animation-transform" target="mixamorig_Hips/matrix"/>
    </animation>
    <animation id="mixamorig_Spine-anim" name="mixamorig_Spine">
      <source id="mixamorig_Spine-Matrix-animation-input">
        <float_array id="mixamorig_Spine-Matrix-animation-input-array" count="181">

0.000000 0.033333 0.066667 0.100000 0.133333 0.166667 0.200000 0.233333 0.266667 0.300000 0.333333 0.366667 0.400000 0.433333 0.466667 0.500000
0.533333 0.566667 0.600000 0.633333 0.666667 0.700000 0.733333 0.766667 0.800000 0.833333 0.866667 0.900000 0.933333 0.966667 1.000000 1.033333
1.066667 1.100000 1.133333 1.166667 1.200000 1.233333 1.266667 1.300000 1.333333 1.366667 1.400000 1.433333 1.466667 1.500000 1.533333 1.566667
1.600000 1.633333 1.666667 1.700000 1.733333 1.766667 1.800000 1.833333 1.866667 1.900000 1.933333 1.966667 2.000000 2.033333 2.066667 2.100000
2.133333 2.166667 2.200000 2.233333 2.266667 2.300000 2.333333 2.366667 2.400000 2.433333 2.466667 2.500000 2.533333 2.566667 2.600000 2.633333
2.666667 2.700000 2.733333 2.766667 2.800000 2.833333 2.866667 2.900000 2.933333 2.966667 3.000000 3.033333 3.066667 3.100000 3.133333 3.166667
3.200000 3.233333 3.266667 3.300000 3.333333 3.366667 3.400000 3.433333 3.466667 3.500000 3.533333 3.566667 3.600000 3.633333 3.666667 3.700000
3.733333 3.766667 3.800000 3.833333 3.866667 3.900000 3.933333 3.966667 4.000000 4.033333 4.066667 4.100000 4.133333 4.166667 4.200000 4.233333
4.266667 4.300000 4.333333 4.366667 4.400000 4.433333 4.466667 4.500000 4.533333 4.566667 4.600000 4.633333 4.666667 4.700000 4.733333 4.766667
4.800000 4.833333 4.866667 4.900000 4.933333 4.966667 5.000000 5.033333 5.066667 5.100000 5.133333 5.166667 5.200000 5.233333 5.266667 5.300000
5.333333 5.366667 5.400000 5.433333 5.466667 5.500000 5.533333 5.566667 5.600000 5.633333 5.666667 5.700000 5.733333 5.766667 5.800000 5.833333
5.866667 5.900000 5.933333 5.966667 6.000000</float_array>
        <technique_common>
          <accessor source="#mixamorig_Spine-Matrix-animation-input-array" count="181">
            <param name="TIME" type="float"/>
          </accessor>
        </technique_common>
      </source>
      <source id="mixamorig_Spine-Matrix-animation-output-transform">
        <float_array id="mixamorig_Spine-Matrix-animation-output-transform-array" count="2896">

0.999594 -0.025710 0.012264 0.000000 0.025844 0.999607 -0.010890 9.226300 -0.011979 0.011203 0.999865 1.577100 0.000000 0.000000 0.000000 1.000000
0.999594 -0.025701 0.012305 0.000000 0.025835 0.999607 -0.010879 9.226300 -0.012021 0.011193 0.999865 1.577100 0.000000 0.000000 0.000000 1.000000
0.999594 -0.025690 0.012329 0.000000 0.025824 0.999607 -0.010865 9.226300 -0.012045 0.011179 0.999865 1.577100 0.000000 0.000000 0.000000 1.000000
0.999594 -0.025684 0.012326 0.000000 0.025818 0.999608 -0.010845 9.226300 -0.012043 0.011159 0.999865 1.577100 0.000000 0.000000 0.000000 1.000000
0.999594 -0.025683 0.012310 0.000000 0.025816 0.999608 -0.010803 9.226300 -0.012028 0.011117 0.999866 1.577100 0.000000 0.000000 0.000000 1.000000
0.999595 -0.025681 0.012296 -0.000000 0.025814 0.999609 -0.010731 9.226300 -0.012016 0.011044 0.999867 1.577100 0.000000 0.000000 0.000000 1.000000
0.999595 -0.025673 0.012283 -0.000000 0.025804 0.999610 -0.010637 9.226300 -0.012005 0.010950 0.999868 1.577100 0.000000 0.000000 0.000000 1.000000
0.999596 -0.025660 0.012263 -0.000000 0.025790 0.999612 -0.010540 9.226300 -0.011988 0.010852 0.999869 1.577100 0.000000 0.000000 0.000000 1.000000
0.999596 -0.025645 0.012237 0.000000 0.025773 0.999613 -0.010441 9.226300 -0.011964 0.010752 0.999871 1.577100 0.000000 0.000000 0.000000 1.000000
0.999597 -0.025636 0.012205 -0.000000 0.025762 0.999615 -0.010322 9.226300 -0.011936 0.010632 0.999872 1.577100 0.000000 0.000000 0.000000 1.000000
0.999597 -0.025633 0.012160 -0.000000 0.025757 0.999616 -0.010180 9.226300 -0.011894 0.010489 0.999874 1.577100 0.000000 0.000000 0.000000 1.000000
0.999598 -0.025632 0.012082 0.000000 0.025754 0.999618 -0.010035 9.226300 -0.011820 0.010342 0.999877 1.577100 0.000000 0.000000 0.000000 1.000000
0.999600 -0.025630 0.011967 0.000000 0.025749 0.999619 -0.009902 9.226300 -0.011708 0.010206 0.999879 1.577100 0.000000 0.000000 0.000000 1.000000
0.999602 -0.025625 0.011830 -0.000000 0.025741 0.999621 -0.009764 9.226300 -0.011575 0.010065 0.999882 1.577100 0.000000 0.000000 0.000000 1.000000
0.999603 -0.025620 0.011689 0.000000 0.025733 0.999623 -0.009608 9.226300 -0.011438 0.009905 0.999886 1.577100 0.000000 0.000000 0.000000 1.000000
0.999605 -0.025620 0.011541 0.000000 0.025729 0.999624 -0.009436 9.226300 -0.011295 0.009729 0.999889 1.577100 0.000000 0.000000 0.000000 1.000000
0.999607 -0.025623 0.011380 -0.000000 0.025728 0.999626 -0.009253 9.226300 -0.011138 0.009542 0.999892 1.577100 0.000000 0.000000 0.000000 1.000000
0.999609 -0.025623 0.011205 0.000000 0.025725 0.999628 -0.009063 9.226300 -0.010969 0.009348 0.999896 1.577100 0.000000 0.000000 0.000000 1.000000
0.999611 -0.025620 0.011019 -0.000000 0.025719 0.999630 -0.008871 9.226300 -0.010787 0.009151 0.999900 1.577100 0.000000 0.000000 0.000000 1.000000
0.999613 -0.025620 0.010823 0.000000 0.025714 0.999632 -0.008686 9.226300 -0.010596 0.008961 0.999904 1.577100 0.000000 0.000000 0.000000 1.000000
0.999615 -0.025631 0.010641 -0.000000 0.025722 0.999633 -0.008524 9.226300 -0.010418 0.008795 0.999907 1.577100 0.000000 0.000000 0.000000 1.000000
0.999616 -0.025655 0.010492 0.000000 0.025744 0.999633 -0.008399 9.226300 -0.010273 0.008666 0.999910 1.577100 0.000000 0.000000 0.000000 1.000000
0.999616 -0.025694 0.010373 0.000000 0.025780 0.999633 -0.008305 9.226300 -0.010156 0.008570 0.999912 1.577100 0.000000 0.000000 0.000000 1.000000
0.999616 -0.025747 0.010251 -0.000000 0.025832 0.999633 -0.008215 9.226300 -0.010036 0.008477 0.999914 1.577100 0.000000 0.000000 0.000000 1.000000
0.999616 -0.025818 0.010088 -0.000000 0.025900 0.999632 -0.008109 9.226300 -0.009875 0.008367 0.999916 1.577100 0.000000 0.000000 0.000000 1.000000
0.999616 -0.025907 0.009867 -0.000000 0.025986 0.999630 -0.008001 9.226300 -0.009656 0.008254 0.999919 1.577100 0.000000 0.000000 0.000000 1.000000
0.999616 -0.026012 0.009601 0.000000 0.026088 0.999628 -0.007918 9.226300 -0.009391 0.008165 0.999923 1.577100 0.000000 0.000000 0.000000 1.000000
0.999615 -0.026125 0.009314 -0.000000 0.026199 0.999626 -0.007873 9.226300 -0.009104 0.008114 0.999926 1.577100 0.000000 0.000000 0.000000 1.000000
0.999615 -0.026229 0.009036 -0.000000 0.026300 0.999623 -0.007852 9.226300 -0.008827 0.008087 0.999928 1.577100 0.000000 0.000000 0.000000 1.000000
0.999615 -0.026318 0.008792 0.000000 0.026387 0.999621 -0.007841 9.226300 -0.008583 0.008070 0.999931 1.577100 0.000000 0.000000 0.000000 1.000000
0.999614 -0.026406 0.008585 -0.000000 0.026474 0.999619 -0.007834 9.226300 -0.008375 0.008059 0.999932 1.577100 0.000000 0.000000 0.000000 1.000000
0.999613 -0.026509 0.008395 0.000000 0.026575 0.999616 -0.007827 9.226300 -0.008184 0.008047 0.999934 1.577100 0.000000 0.000000 0.000000 1.000000
0.999612 -0.026630 0.008203 0.000000 0.026694 0.999613 -0.007816 9.226300 -0.007992 0.008032 0.999936 1.577100 0.000000 0.000000 0.000000 1.000000
0.999610 -0.026758 0.008001 0.000000 0.026821 0.999610 -0.007808 9.226300 -0.007789 0.008019 0.999938 1.577100 0.000000 0.000000 0.000000 1.000000
0.999608 -0.026883 0.007789 -0.000000 0.026944 0.999606 -0.007814 9.226300 -0.007576 0.008021 0.999939 1.577100 0.000000 0.000000 0.000000 1.000000
0.999607 -0.026993 0.007572 0.000000 0.027052 0.999603 -0.007837 9.226300 -0.007357 0.008039 0.999941 1.577100 0.000000 0.000000 0.000000 1.000000
0.999606 -0.027079 0.007350 0.000000 0.027137 0.999601 -0.007864 9.226300 -0.007134 0.008060 0.999942 1.577100 0.000000 0.000000 0.000000 1.000000
0.999606 -0.027141 0.007126 -0.000000 0.027197 0.999599 -0.007883 9.226300 -0.006909 0.008073 0.999944 1.577100 0.000000 0.000000 0.000000 1.000000
0.999607 -0.027182 0.006914 -0.000000 0.027236 0.999598 -0.007886 9.226300 -0.006697 0.008072 0.999945 1.577100 0.000000 0.000000 0.000000 1.000000
