<?xml version="1.0" encoding="utf-8"?>
<COLLADA xmlns="http://www.collada.org/2005/11/COLLADASchema" version="1.4.1">
  <asset>
    <contributor>
      <author>Mixamo</author>
      <authoring_tool>COLLADA Mixamo exporter</authoring_tool>
      <comments/>
    </contributor>
    <created>2024-04-21T17:45:54Z</created>
    <modified>2024-04-21T17:45:54Z</modified>
    <revision/>
    <title/>
    <unit meter="0.010000"/>
    <up_axis>Y_UP</up_axis>
  </asset>
  <library_animations>
    <animation id="mixamorig_Hips-anim" name="mixamorig_Hips">
      <source id="mixamorig_Hips-Matrix-animation-input">
        <float_array id="mixamorig_Hips-Matrix-animation-input-array" count="30">

0.000000 0.033333 0.066667 0.100000 0.133333 0.166667 0.200000 0.233333 0.266667 0.300000 0.333333 0.366667 0.400000 0.433333 0.466667 0.500000
0.533333 0.566667 0.600000 0.633333 0.666667 0.700000 0.733333 0.766667 0.800000 0.833333 0.866667 0.900000 0.933333 0.966667</float_array>
        <technique_common>
          <accessor source="#mixamorig_Hips-Matrix-animation-input-array" count="30">
            <param name="TIME" type="float"/>
          </accessor>
        </technique_common>
      </source>
      <source id="mixamorig_Hips-Matrix-animation-output-transform">
        <float_array id="mixamorig_Hips-Matrix-animation-output-transform-array" count="480">

0.982269 0.069697 0.174038 0.011435 -0.071625 0.997420 0.004815 94.509735 -0.173253 -0.017195 0.984727 -0.034179 0.000000 0.000000 0.000000 1.000000
0.987726 0.052857 0.146983 0.309712 -0.052123 0.998601 -0.008847 94.804283 -0.147245 0.001078 0.989099 4.978940 0.000000 0.000000 0.000000 1.000000
0.993784 0.034673 0.105787 0.686462 -0.032283 0.999185 -0.024223 94.549896 -0.106540 0.020658 0.994094 10.009519 0.000000 0.000000 0.000000 1.000000
0.998263 0.012601 0.057544 1.118372 -0.010442 0.999235 -0.037678 93.982826 -0.057975 0.037012 0.997632 15.178431 0.000000 0.000000 0.000000 1.000000
0.999932 -0.003944 0.010952 1.511837 0.004427 0.999004 -0.044399 93.268845 -0.010766 0.044444 0.998954 20.602007 0.000000 0.000000 0.000000 1.000000
0.999595 -0.006195 -0.027784 1.821418 0.004996 0.999062 -0.043024 92.453239 0.028024 0.042868 0.998688 26.324615 0.000000 0.000000 0.000000 1.000000
0.998229 -0.004302 -0.059333 2.236450 0.001839 0.999137 -0.041501 91.331894 0.059460 0.041318 0.997375 32.324184 0.000000 0.000000 0.000000 1.000000
0.996960 -0.010340 -0.077229 2.623202 0.007120 0.999098 -0.041857 90.399849 0.077592 0.041179 0.996134 38.155151 0.000000 0.000000 0.000000 1.000000
0.996586 -0.028782 -0.077382 3.078672 0.026075 0.999020 -0.035770 90.527008 0.078336 0.033631 0.996360 44.009354 0.000000 0.000000 0.000000 1.000000
0.996271 -0.042550 -0.075058 3.557649 0.041009 0.998918 -0.021955 90.758354 0.075911 0.018795 0.996937 50.202297 0.000000 0.000000 0.000000 1.000000
0.995446 -0.062785 -0.071733 4.188533 0.062036 0.997994 -0.012619 91.070213 0.072382 0.008112 0.997344 56.188221 0.000000 0.000000 0.000000 1.000000
0.994443 -0.086573 -0.059901 4.850279 0.086455 0.996245 -0.004561 91.643387 0.060071 -0.000643 0.998194 61.688072 0.000000 0.000000 0.000000 1.000000
0.993134 -0.105132 -0.051307 5.321203 0.105318 0.994438 0.000933 92.371590 0.050923 -0.006330 0.998683 66.804382 0.000000 0.000000 0.000000 1.000000
0.992403 -0.111091 -0.052869 5.539143 0.111350 0.993779 0.001962 93.263023 0.052322 -0.007834 0.998600 71.730980 0.000000 0.000000 0.000000 1.000000
0.992772 -0.105044 -0.058043 5.493036 0.105335 0.994435 0.001965 94.109634 0.057514 -0.008065 0.998312 76.572693 0.000000 0.000000 0.000000 1.000000
0.994366 -0.095219 -0.046587 5.303584 0.095066 0.995456 -0.005494 94.530914 0.046899 0.001034 0.998899 81.368515 0.000000 0.000000 0.000000 1.000000
0.996759 -0.077939 -0.019920 4.980278 0.077661 0.996877 -0.014342 94.699547 0.020976 0.012749 0.999699 86.286453 0.000000 0.000000 0.000000 1.000000
0.998522 -0.052538 0.013889 4.464520 0.052804 0.998414 -0.019502 94.649345 -0.012843 0.020207 0.999713 91.304413 0.000000 0.000000 0.000000 1.000000
0.998381 -0.033632 0.045872 3.994371 0.034537 0.999221 -0.019091 94.222816 -0.045194 0.020644 0.998765 96.545670 0.000000 0.000000 0.000000 1.000000
0.996449 -0.028817 0.079110 3.546410 0.029879 0.999478 -0.012272 93.306587 -0.078715 0.014592 0.996790 102.223663 0.000000 0.000000 0.000000 1.000000
0.993114 -0.027828 0.113798 3.148683 0.029097 0.999531 -0.009509 91.765671 -0.113480 0.012755 0.993458 107.826637 0.000000 0.000000 0.000000 1.000000
0.989968 -0.022900 0.139424 2.746650 0.023584 0.999717 -0.003259 90.822037 -0.139310 0.006514 0.990227 113.468285 0.000000 0.000000 0.000000 1.000000
0.989015 -0.010484 0.147442 2.325586 0.010128 0.999944 0.003164 90.620865 -0.147467 -0.001636 0.989066 119.128250 0.000000 0.000000 0.000000 1.000000
0.988616 0.002031 0.150447 1.815656 -0.003318 0.999960 0.008305 90.836639 -0.150424 -0.008710 0.988583 124.864281 0.000000 0.000000 0.000000 1.000000
0.988231 0.018718 0.151821 1.226188 -0.020809 0.999709 0.012198 90.931030 -0.151549 -0.015214 0.988333 130.647263 0.000000 0.000000 0.000000 1.000000
0.988210 0.041445 0.147390 0.637867 -0.043471 0.998999 0.010555 91.198013 -0.146805 -0.016838 0.989022 135.992020 0.000000 0.000000 0.000000 1.000000
0.987392 0.063977 0.144786 0.196005 -0.065453 0.997841 0.005446 91.703194 -0.144125 -0.014854 0.989448 140.790329 0.000000 0.000000 0.000000 1.000000
0.985299 0.078970 0.151490 -0.060681 -0.080042 0.996791 0.000976 92.828011 -0.150927 -0.013087 0.988458 145.388519 0.000000 0.000000 0.000000 1.000000
0.982120 0.080337 0.170253 -0.124995 -0.081746 0.996652 0.001272 93.867874 -0.169581 -0.015166 0.985400 149.828888 0.000000 0.000000 0.000000 1.000000
0.982269 0.069697 0.174038 0.011434 -0.071625 0.997420 0.004815 94.509735 -0.173253 -0.017195 0.984727 154.250748 0.000000 0.000000 0.000000 1.000000</float_array>
        <technique_common>
          <accessor source="#mixamorig_Hips-Matrix-animation-output-transform-array" count="30" stride="16">
            <param type="float4x4"/>
          </accessor>
        </technique_common>
      </source>
      <source id="mixamorig_Hips-Interpolations">
        <Name_array id="mixamorig_Hips-Interpolations-array" count="30">
 LINEAR LINEAR LINEAR LINEAR LINEAR LINEAR LINEAR LINEAR LINEAR LINEAR LINEAR
LINEAR LINEAR LINEAR LINEAR LINEAR LINEAR LINEAR LINEAR LINEAR LINEAR LINEAR LINEAR
LINEAR LINEAR LINEAR LINEAR LINEAR LINEAR LINEAR</Name_array>
        <technique_common>
          <accessor source="#mixamorig_Hips-Interpolations-array" count="30">
            <param type="name"/>
          </accessor>
        </technique_common>
      </source>
      <sampler id="mixamorig_Hips-Matrix-animation-transform">
        <input semantic="INPUT" source="#mixamorig_Hips-Matrix-animation-input"/>
        <input semantic="OUTPUT" source="#mixamorig_Hips-Matrix-animation-output-transform"/>
        <input semantic="INTERPOLATION" source="#mixamorig_Hips-Interpolations"/>
      </sampler>
      <channel source="#mixamorig_Hips-Matrix-animation-transform" target="mixamorig_Hips/matrix"/>
    </animation>
    <animation id="mixamorig_Spine-anim" name="mixamorig_Spine">
      <source id="mixamorig_Spine-Matrix-animation-input">
        <float_array id="mixamorig_Spine-Matrix-animation-input-array" count="30">

0.000000 0.033333 0.066667 0.100000 0.133333 0.166667 0.200000 0.233333 0.266667 0.300000 0.333333 0.366667 0.400000 0.433333 0.466667 0.500000
0.533333 0.566667 0.600000 0.633333 0.666667 0.700000 0.733333 0.766667 0.800000 0.833333 0.866667 0.900000 0.933333 0.966667</float_array>
        <technique_common>
          <accessor source="#mixamorig_Spine-Matrix-animation-input-array" count="30">
            <param name="TIME" type="float"/>
          </accessor>
        </technique_common>
      </source>
      <source id="mixamorig_Spine-Matrix-animation-output-transform">
        <float_array id="mixamorig_Spine-Matrix-animation-output-transform-array" count="480">

0.998678 -0.049698 -0.013122 0.000000 0.049208 0.998162 -0.035362 9.226300 0.014855 0.034669 0.999288 1.577100 0.000000 0.000000 0.000000 1.000000
0.999191 -0.039921 -0.004859 0.000000 0.039766 0.998802 -0.028531 9.226300 0.005992 0.028315 0.999581 1.577100 0.000000 0.000000 0.000000 1.000000
0.999554 -0.029572 0.004270 0.000000 0.029652 0.999356 -0.020212 9.226300 -0.003669 0.020330 0.999787 1.577100 0.000000 0.000000 0.000000 1.000000
0.999691 -0.022036 0.011506 0.000000 0.022194 0.999658 -0.013837 9.226300 -0.011197 0.014088 0.999838 1.577100 0.000000 0.000000 0.000000 1.000000
0.999593 -0.021644 0.018579 -0.000000 0.021813 0.999722 -0.008928 9.226300 -0.018381 0.009329 0.999788 1.577100 0.000000 0.000000 0.000000 1.000000
0.999004 -0.034548 0.028256 0.000000 0.034659 0.999393 -0.003450 9.226300 -0.028120 0.004426 0.999595 1.577100 0.000000 0.000000 0.000000 1.000000
0.997945 -0.050533 0.039403 0.000000 0.050194 0.998694 0.009539 9.226300 -0.039834 -0.007541 0.999178 1.577100 0.000000 0.000000 0.000000 1.000000
0.998106 -0.046483 0.040306 -0.000000 0.046125 0.998888 0.009762 9.226300 -0.040715 -0.007884 0.999140 1.577100 0.000000 0.000000 0.000000 1.000000
0.999217 -0.023115 0.032119 0.000000 0.023056 0.999732 0.002220 9.226300 -0.032162 -0.001477 0.999482 1.577100 0.000000 0.000000 0.000000 1.000000
0.999603 -0.007153 0.027237 0.000000 0.007307 0.999958 -0.005559 9.226300 -0.027196 0.005756 0.999614 1.577100 0.000000 0.000000 0.000000 1.000000
0.999730 0.004375 0.022838 0.000000 -0.003962 0.999829 -0.018065 9.226300 -0.022913 0.017969 0.999576 1.577100 0.000000 0.000000 0.000000 1.000000
0.999751 0.015807 0.015725 0.000000 -0.015294 0.999363 -0.032233 9.226300 -0.016224 0.031984 0.999357 1.577100 0.000000 0.000000 0.000000 1.000000
0.999710 0.021785 0.010246 0.000000 -0.021308 0.998781 -0.044525 9.226300 -0.011203 0.044293 0.998956 1.577100 0.000000 0.000000 0.000000 1.000000
0.999802 0.018206 0.007991 -0.000000 -0.017747 0.998372 -0.054200 9.226300 -0.008964 0.054048 0.998498 1.577100 0.000000 0.000000 0.000000 1.000000
0.999920 0.011702 0.004715 0.000000 -0.011394 0.998087 -0.060765 9.226300 -0.005417 0.060706 0.998141 1.577100 0.000000 0.000000 0.000000 1.000000
0.999977 0.006259 -0.002620 0.000000 -0.006399 0.998318 -0.057626 9.226300 0.002255 0.057642 0.998335 1.577100 0.000000 0.000000 0.000000 1.000000
0.999939 -0.002854 -0.010707 0.000000 0.002345 0.998879 -0.047280 9.226300 0.010829 0.047252 0.998824 1.577100 0.000000 0.000000 0.000000 1.000000
0.999733 -0.014206 -0.018206 0.000000 0.013522 0.999218 -0.037161 9.226300 0.018719 0.036905 0.999143 1.577100 0.000000 0.000000 0.000000 1.000000
0.999558 -0.015952 -0.025093 0.000000 0.015228 0.999470 -0.028785 9.226300 0.025539 0.028391 0.999271 1.577100 0.000000 0.000000 0.000000 1.000000
0.999335 -0.000561 -0.036454 0.000000 -0.000191 0.999787 -0.020635 9.226300 0.036458 0.020629 0.999122 1.577100 0.000000 0.000000 0.000000 1.000000
0.998725 0.015220 -0.048138 0.000000 -0.015826 0.999800 -0.012233 9.226300 0.047942 0.012979 0.998766 1.577100 0.000000 0.000000 0.000000 1.000000
0.998585 0.014866 -0.051058 0.000000 -0.015648 0.999766 -0.014954 9.226300 0.050824 0.015732 0.998584 1.577100 0.000000 0.000000 0.000000 1.000000
0.998961 -0.001724 -0.045545 0.000000 0.000874 0.999825 -0.018676 9.226300 0.045569 0.018616 0.998788 1.577100 0.000000 0.000000 0.000000 1.000000
0.999008 -0.016946 -0.041183 0.000000 0.016167 0.999685 -0.019190 9.226300 0.041495 0.018505 0.998967 1.577100 0.000000 0.000000 0.000000 1.000000
0.998894 -0.027730 -0.037967 0.000000 0.026911 0.999397 -0.021919 9.226300 0.038552 0.020873 0.999039 1.577100 0.000000 0.000000 0.000000 1.000000
0.998453 -0.044951 -0.032713 0.000000 0.044157 0.998722 -0.024584 9.226300 0.033776 0.023101 0.999162 1.577100 0.000000 0.000000 0.000000 1.000000
0.997985 -0.057390 -0.027075 0.000000 0.056702 0.998065 -0.025528 9.226300 0.028487 0.023942 0.999307 1.577100 0.000000 0.000000 0.000000 1.000000
0.997958 -0.059389 -0.023491 0.000000 0.058855 0.998005 -0.022839 9.226300 0.024801 0.021410 0.999463 1.577100 0.000000 0.000000 0.000000 1.000000
0.998247 -0.055874 -0.019507 -0.000000 0.055287 0.998036 -0.029453 9.226300 0.021115 0.028323 0.999376 1.577100 0.000000 0.000000 0.000000 1.000000
0.998678 -0.049698 -0.013121 0.000000 0.049208 0.998162 -0.035362 9.226300 0.014855 0.034669 0.999288 1.577100 0.000000 0.000000 0.000000 1.000000</float_array>
        <technique_common>
          <accessor source="#mixamorig_Spine-Matrix-animation-output-transform-array" count="30" stride="16">
            <param type="float4x4"/>
          </accessor>
        </technique_common>
      </source>
      <source id="mixamorig_Spine-Interpolations">
        <Name_array id="mixamorig_Spine-Interpolations-array" count="30">
 LINEAR LINEAR LINEAR LINEAR LINEAR LINEAR LINEAR LINEAR LINEAR LINEAR LINEAR
LINEAR LINEAR LINEAR LINEAR LINEAR LINEAR LINEAR LINEAR LINEAR LINEAR LINEAR LINEAR
LINEAR LINEAR LINEAR LINEAR LINEAR LINEAR LINEAR</Name_array>
        <technique_common>
          <accessor source="#mixamorig_Spine-Interpolations-array" count="30">
            <param type="name"/>
          </accessor>
        </technique_common>
      </source>
      <sampler id="mixamorig_Spine-Matrix-animation-transform">
        <input semantic="INPUT" source="#mixamorig_Spine-Matrix-animation-input"/>
        <input semantic="OUTPUT" source="#mixamorig_Spine-Matrix-animation-output-transform"/>
        <input semantic="INTERPOLATION" source="#mixamorig_Spine-Interpolations"/>
      </sampler>
      <channel source="#mixamorig_Spine-Matrix-animation-transform" target="mixamorig_Spine/matrix"/>
    </animation>
    <animation id="mixamorig_Spine1-anim" name="mixamorig_Spine1">
      <source id="mixamorig_Spine1-Matrix-animation-input">
        <float_array id="mixamorig_Spine1-Matrix-animation-input-array" count="30">

0.000000 0.033333 0.066667 0.100000 0.133333 0.166667 0.200000 0.233333 0.266667 0.300000 0.333333 0.366667 0.400000 0.433333 0.466667 0.500000
0.533333 0.566667 0.600000 0.633333 0.666667 0.700000 0.733333 0.766667 0.800000 0.833333 0.866667 0.900000 0.933333 0.966667</float_array>
        <technique_common>
          <accessor source="#mixamorig_Spine1-Matrix-animation-input-array" count="30">
            <param name="TIME" type="float"/>
          </accessor>
        </technique_common>
      </source>
      <source id="mixamorig_Spine1-Matrix-animation-output-transform">
        <float_array id="mixamorig_Spine1-Matrix-animation-output-transform-array" count="480">

0.999100 -0.010936 -0.040974 0.000000 0.013199 0.998379 0.055367 16.254801 0.040302 -0.055858 0.997625 0.000000 0.000000 0.000000 0.000000 1.000000
0.999750 -0.002884 -0.022184 0.000000 0.004238 0.998117 0.061196 16.254801 0.021966 -0.061274 0.997879 -0.000000 0.000000 0.000000 0.000000 1.000000
0.999999 0.000307 -0.001211 0.000000 -0.000230 0.997983 0.063477 16.254801 0.001228 -0.063476 0.997983 -0.000000 0.000000 0.000000 0.000000 1.000000
0.999857 0.007923 0.014907 -0.000000 -0.008880 0.997825 0.065323 16.254801 -0.014357 -0.065446 0.997753 0.000000 0.000000 0.000000 0.000000 1.000000
0.999494 0.014009 0.028568 0.000000 -0.015739 0.997999 0.061247 16.254801 -0.027653 -0.061666 0.997714 0.000000 0.000000 0.000000 0.000000 1.000000
0.999107 0.020273 0.037057 0.000000 -0.022236 0.998328 0.053354 16.254801 -0.035913 -0.054130 0.997888 0.000000 0.000000 0.000000 0.000000 1.000000
0.998713 0.026392 0.043306 0.000000 -0.028343 0.998582 0.045069 16.254801 -0.042055 -0.046239 0.998045 -0.000000 0.000000 0.000000 0.000000 1.000000
0.998458 0.026074 0.049003 0.000000 -0.028376 0.998497 0.046885 16.254801 -0.047707 -0.048203 0.997698 0.000000 0.000000 0.000000 0.000000 1.000000
0.998472 0.021814 0.050771 0.000000 -0.024515 0.998283 0.053197 16.254801 -0.049523 -0.054361 0.997293 -0.000000 0.000000 0.000000 0.000000 1.000000
0.998580 0.019798 0.049450 0.000000 -0.022682 0.998032 0.058455 16.254801 -0.048195 -0.059494 0.997065 0.000000 0.000000 0.000000 0.000000 1.000000
0.998739 0.023570 0.044320 0.000000 -0.026422 0.997541 0.064909 16.254801 -0.042681 -0.065998 0.996906 0.000000 0.000000 0.000000 0.000000 1.000000
0.999013 0.027696 0.034735 -0.000000 -0.029926 0.997409 0.065417 16.254801 -0.032834 -0.066391 0.997253 0.000000 0.000000 0.000000 0.000000 1.000000
0.999132 0.032005 0.026673 0.000000 -0.033602 0.997527 0.061727 16.254801 -0.024631 -0.062570 0.997737 0.000000 0.000000 0.000000 0.000000 1.000000
0.999165 0.034724 0.021521 0.000000 -0.035954 0.997569 0.059694 16.254801 -0.019396 -0.060418 0.997985 0.000000 0.000000 0.000000 0.000000 1.000000
0.999411 0.031672 0.013211 0.000000 -0.032396 0.997748 0.058730 16.254801 -0.011321 -0.059124 0.998186 -0.000000 0.000000 0.000000 0.000000 1.000000
0.999626 0.027203 -0.002855 0.000000 -0.026981 0.997808 0.060431 16.254801 0.004492 -0.060332 0.998168 0.000000 0.000000 0.000000 0.000000 1.000000
0.999510 0.022312 -0.021949 0.000000 -0.020969 0.998000 0.059629 16.254801 0.023235 -0.059140 0.997979 0.000000 0.000000 0.000000 0.000000 1.000000
0.999036 0.017040 -0.040446 0.000000 -0.014773 0.998338 0.055706 16.254801 0.041328 -0.055055 0.997628 0.000000 0.000000 0.000000 0.000000 1.000000
0.998482 0.009512 -0.054251 0.000000 -0.006970 0.998877 0.046855 16.254801 0.054636 -0.046406 0.997427 0.000000 0.000000 0.000000 0.000000 1.000000
0.997916 -0.001065 -0.064511 0.000000 0.003315 0.999389 0.034784 16.254801 0.064435 -0.034926 0.997311 -0.000000 0.000000 0.000000 0.000000 1.000000
0.997181 -0.009479 -0.074436 0.000000 0.011453 0.999593 0.026138 16.254801 0.074158 -0.026916 0.996883 -0.000000 0.000000 0.000000 0.000000 1.000000
0.996635 -0.009988 -0.081354 0.000000 0.012278 0.999541 0.027694 16.254801 0.081040 -0.028600 0.996300 0.000000 0.000000 0.000000 0.000000 1.000000
0.996458 -0.004738 -0.083959 0.000000 0.007639 0.999384 0.034263 16.254801 0.083745 -0.034783 0.995880 0.000000 0.000000 0.000000 0.000000 1.000000
0.996339 0.000374 -0.085488 0.000000 0.003261 0.999097 0.042371 16.254801 0.085427 -0.042494 0.995438 -0.000000 0.000000 0.000000 0.000000 1.000000
0.996600 -0.001947 -0.082369 -0.000000 0.006086 0.998729 0.050025 16.254801 0.082167 -0.050356 0.995346 0.000000 0.000000 0.000000 0.000000 1.000000
0.996973 -0.003988 -0.077649 0.000000 0.008381 0.998377 0.056332 16.254801 0.077298 -0.056812 0.995388 -0.000000 0.000000 0.000000 0.000000 1.000000
0.997452 -0.010674 -0.070533 0.000000 0.014721 0.998260 0.057101 16.254801 0.069801 -0.057994 0.995874 0.000000 0.000000 0.000000 0.000000 1.000000
0.997806 -0.018858 -0.063460 0.000000 0.022273 0.998318 0.053533 16.254801 0.062344 -0.054829 0.996548 -0.000000 0.000000 0.000000 0.000000 1.000000
0.998294 -0.020134 -0.054811 0.000000 0.023099 0.998274 0.054002 16.254801 0.053629 -0.055176 0.997035 -0.000000 0.000000 0.000000 0.000000 1.000000
0.999100 -0.010936 -0.040974 -0.000000 0.013199 0.998379 0.055367 16.254801 0.040302 -0.055858 0.997625 0.000000 0.000000 0.000000 0.000000 1.000000</float_array>
        <technique_common>
          <accessor source="#mixamorig_Spine1-Matrix-animation-output-transform-array" count="30" stride="16">
            <param type="float4x4"/>
          </accessor>
        </technique_common>
      </source>
      <source id="mixamorig_Spine1-Interpolations">
        <Name_array id="mixamorig_Spine1-Interpolations-array" count="30">
 LINEAR LINEAR LINEAR LINEAR LINEAR LINEAR LINEAR LINEAR LINEAR LINEAR LINEAR
LINEAR LINEAR LINEAR LINEAR LINEAR LINEAR LINEAR LINEAR LINEAR LINEAR LINEAR LINEAR
LINEAR LINEAR LINEAR LINEAR LINEAR LINEAR LINEAR</Name_array>
        <technique_common>
          <accessor source="#mixamorig_Spine1-Interpolations-array" count="30">
            <param type="name"/>
          </accessor>
        </technique_common>
      </source>
      <sampler id="mixamorig_Spine1-Matrix-animation-transform">
        <input semantic="INPUT" source="#mixamorig_Spine1-Matrix-animation-input"/>
        <input semantic="OUTPUT" source="#mixamorig_Spine1-Matrix-animation-output-transform"/>
        <input semantic="INTERPOLATION" source="#mixamorig_Spine1-Interpolations"/>
      </sampler>
      <channel source="#mixamorig_Spine1-Matrix-animation-transform" target="mixamorig_Spine1/matrix"/>
    </animation>
    <animation id="mixamorig_Spine2-anim" name="mixamorig_Spine2">
      <source id="mixamorig_Spine2-Matrix-animation-input">
        <float_array id="mixamorig_Spine2-Matrix-animation-input-array" count="30">

0.000000 0.033333 0.066667 0.100000 0.133333 0.166667 0.200000 0.233333 0.266667 0.300000 0.333333 0.366667 0.400000 0.433333 0.466667 0.500000
0.533333 0.566667 0.600000 0.633333 0.666667 0.700000 0.733333 0.766667 0.800000 0.833333 0.866667 0.900000 0.933333 0.966667</float_array>
        <technique_common>
          <accessor source="#mixamorig_Spine2-Matrix-animation-input-array" count="30">
            <param name="TIME" type="float"/>
          </accessor>
        </technique_common>
      </source>
      <source id="mixamorig_Spine2-Matrix-animation-output-transform">
        <float_array id="mixamorig_Spine2-Matrix-animation-output-transform-array" count="480">

0.999195 0.007745 -0.039358 0.000000 0.002661 0.966224 0.257691 13.700700 0.040024 -0.257589 0.965425 -0.000000 0.000000 0.000000 0.000000 1.000000
0.999754 0.011199 -0.019157 0.000000 -0.005776 0.964882 0.262620 13.700700 0.021425 -0.262444 0.964709 0.000000 0.000000 0.000000 0.000000 1.000000
0.999955 0.009312 0.001803 -0.000000 -0.009458 0.964424 0.264190 13.700700 0.000721 -0.264195 0.964469 0.000000 0.000000 0.000000 0.000000 1.000000
0.999733 0.012662 0.019307 0.000000 -0.017338 0.963933 0.265580 13.700700 -0.015248 -0.265844 0.963895 0.000000 0.000000 0.000000 0.000000 1.000000
0.999304 0.014953 0.034177 -0.000000 -0.023374 0.964992 0.261234 13.700700 -0.029074 -0.261851 0.964670 0.000000 0.000000 0.000000 0.000000 1.000000
0.998849 0.018566 0.044237 0.000000 -0.029185 0.966988 0.253144 13.700700 -0.038077 -0.254143 0.966417 0.000000 0.000000 0.000000 0.000000 1.000000
0.998388 0.022288 0.052198 0.000000 -0.034424 0.968993 0.244678 13.700700 -0.045126 -0.246080 0.968198 -0.000000 0.000000 0.000000 0.000000 1.000000
0.998132 0.020376 0.057592 0.000000 -0.033983 0.968601 0.246288 13.700700 -0.050765 -0.247785 0.967484 -0.000000 0.000000 0.000000 0.000000 1.000000
0.998201 0.016148 0.057736 0.000000 -0.030264 0.967053 0.252771 13.700700 -0.051753 -0.254064 0.965802 0.000000 0.000000 0.000000 0.000000 1.000000
0.998341 0.014930 0.055603 -0.000000 -0.028823 0.965653 0.258233 13.700700 -0.049838 -0.259408 0.964481 0.000000 0.000000 0.000000 0.000000 1.000000
0.998475 0.020417 0.051299 0.000000 -0.033308 0.963748 0.264726 13.700700 -0.044035 -0.266030 0.962958 0.000000 0.000000 0.000000 0.000000 1.000000
0.998724 0.027235 0.042518 -0.000000 -0.037573 0.963388 0.265464 13.700700 -0.033732 -0.266722 0.963183 0.000000 0.000000 0.000000 0.000000 1.000000
0.998809 0.033593 0.035387 -0.000000 -0.041709 0.964179 0.261953 13.700700 -0.025320 -0.263117 0.964432 0.000000 0.000000 0.000000 0.000000 1.000000
0.998815 0.037538 0.030990 -0.000000 -0.044317 0.964618 0.259900 13.700700 -0.020138 -0.260966 0.965138 0.000000 0.000000 0.000000 0.000000 1.000000
0.999087 0.036477 0.022225 0.000000 -0.040995 0.964995 0.259043 13.700700 -0.011998 -0.259717 0.965610 0.000000 0.000000 0.000000 0.000000 1.000000
0.999346 0.035696 0.005710 0.000000 -0.035949 0.964677 0.260970 13.700700 0.003807 -0.261005 0.965330 0.000000 0.000000 0.000000 0.000000 1.000000
0.999282 0.035366 -0.013620 0.000000 -0.030599 0.964954 0.260630 13.700700 0.022360 -0.260026 0.965343 0.000000 0.000000 0.000000 0.000000 1.000000
0.998865 0.034859 -0.032466 0.000000 -0.025343 0.965958 0.257454 13.700700 0.040335 -0.256339 0.965745 0.000000 0.000000 0.000000 0.000000 1.000000
0.998368 0.031427 -0.047689 0.000000 -0.018580 0.968288 0.249146 13.700700 0.054007 -0.247854 0.967291 -0.000000 0.000000 0.000000 0.000000 1.000000
0.997872 0.024442 -0.060451 0.000000 -0.009426 0.971419 0.237183 13.700700 0.064520 -0.236109 0.969582 0.000000 0.000000 0.000000 0.000000 1.000000
0.997196 0.019592 -0.072221 -0.000000 -0.002588 0.973568 0.228382 13.700700 0.074786 -0.227555 0.970889 -0.000000 0.000000 0.000000 0.000000 1.000000
0.996655 0.020785 -0.079032 0.000000 -0.002073 0.973232 0.229817 13.700700 0.081693 -0.228884 0.970020 0.000000 0.000000 0.000000 0.000000 1.000000
0.996446 0.026214 -0.080052 -0.000000 -0.006544 0.971561 0.236698 13.700700 0.083980 -0.235333 0.968280 0.000000 0.000000 0.000000 0.000000 1.000000
0.996303 0.031284 -0.080015 -0.000000 -0.010755 0.969435 0.245111 13.700700 0.085238 -0.243344 0.966187 0.000000 0.000000 0.000000 0.000000 1.000000
0.996611 0.027770 -0.077424 0.000000 -0.007303 0.967442 0.252986 13.700700 0.081929 -0.251564 0.964367 -0.000000 0.000000 0.000000 0.000000 1.000000
0.997044 0.024122 -0.072953 0.000000 -0.004345 0.965625 0.259903 13.700700 0.076715 -0.258817 0.962875 -0.000000 0.000000 0.000000 0.000000 1.000000
0.997595 0.015708 -0.067512 0.000000 0.002457 0.965357 0.260920 13.700700 0.069272 -0.260458 0.962997 0.000000 0.000000 0.000000 0.000000 1.000000
0.998001 0.006269 -0.062885 0.000000 0.010129 0.966335 0.257086 13.700700 0.062380 -0.257209 0.964340 -0.000000 0.000000 0.000000 0.000000 1.000000
0.998484 0.002510 -0.054992 0.000000 0.011721 0.966360 0.256925 13.700700 0.053787 -0.257180 0.964866 0.000000 0.000000 0.000000 0.000000 1.000000
0.999195 0.007745 -0.039358 0.000000 0.002661 0.966224 0.257691 13.700700 0.040024 -0.257589 0.965425 0.000000 0.000000 0.000000 0.000000 1.000000</float_array>
        <technique_common>
          <accessor source="#mixamorig_Spine2-Matrix-animation-output-transform-array" count="30" stride="16">
            <param type="float4x4"/>
          </accessor>
        </technique_common>
      </source>
      <source id="mixamorig_Spine2-Interpolations">
        <Name_array id="mixamorig_Spine2-Interpolations-array" count="30">
 LINEAR LINEAR LINEAR LINEAR LINEAR LINEAR LINEAR LINEAR LINEAR LINEAR LINEAR
LINEAR LINEAR LINEAR LINEAR LINEAR LINEAR LINEAR LINEAR LINEAR LINEAR LINEAR LINEAR
LINEAR LINEAR LINEAR LINEAR LINEAR LINEAR LINEAR</Name_array>
        <technique_common>
          <accessor source="#mixamorig_Spine2-Interpolations-array" count="30">
            <param type="name"/>
          </accessor>
        </technique_common>
      </source>
      <sampler id="mixamorig_Spine2-Matrix-animation-transform">
        <input semantic="INPUT" source="#mixamorig_Spine2-Matrix-animation-input"/>
        <input semantic="OUTPUT" source="#mixamorig_Spine2-Matrix-animation-output-transform"/>
        <input semantic="INTERPOLATION" source="#mixamorig_Spine2-Interpolations"/>
      </sampler>
      <channel source="#mixamorig_Spine2-Matrix-animation-transform" target="mixamorig_Spine2/matrix"/>
    </animation>
    <animation id="mixamorig_Neck-anim" name="mixamorig_Neck">
      <source id="mixamorig_Neck-Matrix-animation-input">
        <float_array id="mixamorig_Neck-Matrix-animation-input-array" count="30">

0.000000 0.033333 0.066667 0.100000 0.133333 0.166667 0.200000 0.233333 0.266667 0.300000 0.333333 0.366667 0.400000 0.433333 0.466667 0.500000
0.533333 0.566667 0.600000 0.633333 0.666667 0.700000 0.733333 0.766667 0.800000 0.833333 0.866667 0.900000 0.933333 0.966667</float_array>
        <technique_common>
          <accessor source="#mixamorig_Neck-Matrix-animation-input-array" count="30">
            <param name="TIME" type="float"/>
          </accessor>
        </technique_common>
      </source>
      <source id="mixamorig_Neck-Matrix-animation-output-transform">
        <float_array id="mixamorig_Neck-Matrix-animation-output-transform-array" count="480">

0.999651 0.012594 -0.023234 0.000000 -0.021536 0.897755 -0.439968 14.544500 0.015318 0.440315 0.897713 0.000000 0.000000 0.000000 0.000000 1.000000
0.999657 0.007719 -0.025016 0.000000 -0.018090 0.894400 -0.446901 14.544500 0.018925 0.447201 0.894233 0.000000 0.000000 0.000000 0.000000 1.000000
0.999580 0.014065 -0.025332 -0.000000 -0.023852 0.895808 -0.443801 14.544500 0.016451 0.444219 0.895767 0.000000 0.000000 0.000000 0.000000 1.000000
0.999497 0.021667 -0.023170 0.000000 -0.029628 0.898577 -0.437814 14.544500 0.011334 0.438280 0.898767 0.000000 0.000000 0.000000 0.000000 1.000000
0.999148 0.036090 -0.019996 0.000000 -0.041176 0.902877 -0.427922 14.544500 0.002610 0.428381 0.903594 -0.000000 0.000000 0.000000 0.000000 1.000000
0.998739 0.047114 -0.017349 0.000000 -0.050053 0.907377 -0.417326 14.544500 -0.003919 0.417668 0.908591 0.000000 0.000000 0.000000 0.000000 1.000000
0.998585 0.050646 -0.016244 0.000000 -0.052844 0.910094 -0.411019 14.544500 -0.006033 0.411296 0.911482 0.000000 0.000000 0.000000 0.000000 1.000000
0.998641 0.049720 -0.015638 0.000000 -0.051747 0.909895 -0.411600 14.544500 -0.006236 0.411849 0.911231 0.000000 0.000000 0.000000 0.000000 1.000000
0.998876 0.044761 -0.015622 0.000000 -0.047195 0.907513 -0.417365 14.544500 -0.004504 0.417633 0.908605 0.000000 0.000000 0.000000 0.000000 1.000000
0.999116 0.038922 -0.015873 0.000000 -0.041985 0.905789 -0.421644 14.544500 -0.002034 0.421938 0.906622 0.000000 0.000000 0.000000 0.000000 1.000000
0.999164 0.037793 -0.015589 -0.000000 -0.040841 0.905547 -0.422277 14.544500 -0.001843 0.422560 0.906333 0.000000 0.000000 0.000000 0.000000 1.000000
0.998930 0.044046 -0.014086 0.000000 -0.045899 0.907260 -0.418058 14.544500 -0.005634 0.418257 0.908311 0.000000 0.000000 0.000000 0.000000 1.000000
0.998565 0.052028 -0.012659 0.000000 -0.052619 0.909694 -0.411931 14.544500 -0.009916 0.412006 0.911127 0.000000 0.000000 0.000000 0.000000 1.000000
0.998250 0.058157 -0.010727 0.000000 -0.057402 0.909252 -0.412268 14.544500 -0.014222 0.412162 0.910999 -0.000000 0.000000 0.000000 0.000000 1.000000
0.998143 0.060529 -0.006827 0.000000 -0.057845 0.906784 -0.417608 14.544500 -0.019087 0.417227 0.908602 0.000000 0.000000 0.000000 0.000000 1.000000
0.998240 0.059246 -0.002696 0.000000 -0.054730 0.902736 -0.426700 14.544500 -0.022846 0.426097 0.904389 -0.000000 0.000000 0.000000 0.000000 1.000000
0.998424 0.056125 -0.000057 0.000000 -0.050603 0.899752 -0.433457 14.544500 -0.024277 0.432777 0.901174 -0.000000 0.000000 0.000000 0.000000 1.000000
0.998900 0.046894 -0.000043 0.000000 -0.042264 0.899886 -0.434073 14.544500 -0.020317 0.433597 0.900878 -0.000000 0.000000 0.000000 0.000000 1.000000
0.999237 0.039026 -0.001516 0.000000 -0.035929 0.903336 -0.427427 14.544500 -0.015311 0.427155 0.904049 0.000000 0.000000 0.000000 0.000000 1.000000
0.999424 0.033763 -0.003493 0.000000 -0.032162 0.909043 -0.415459 14.544500 -0.010852 0.415331 0.909605 0.000000 0.000000 0.000000 0.000000 1.000000
0.999544 0.029743 -0.005193 -0.000000 -0.029294 0.913667 -0.405406 14.544500 -0.007314 0.405373 0.914122 0.000000 0.000000 0.000000 0.000000 1.000000
0.999581 0.028111 -0.006832 0.000000 -0.028464 0.913562 -0.405702 14.544500 -0.005163 0.405727 0.913980 0.000000 0.000000 0.000000 0.000000 1.000000
0.999545 0.029218 -0.007470 0.000000 -0.029685 0.909510 -0.414620 14.544500 -0.005320 0.414654 0.909964 0.000000 0.000000 0.000000 0.000000 1.000000
0.999470 0.031836 -0.006750 -0.000000 -0.031711 0.906100 -0.421874 14.544500 -0.007315 0.421865 0.906629 0.000000 0.000000 0.000000 0.000000 1.000000
0.999305 0.036651 -0.006842 0.000000 -0.036105 0.905489 -0.422831 14.544500 -0.009302 0.422784 0.906183 -0.000000 0.000000 0.000000 0.000000 1.000000
0.999280 0.037238 -0.007267 -0.000000 -0.036791 0.904257 -0.425400 14.544500 -0.009270 0.425361 0.904976 0.000000 0.000000 0.000000 0.000000 1.000000
0.999305 0.036180 -0.008965 0.000000 -0.036566 0.904878 -0.424097 14.544500 -0.007232 0.424130 0.905572 0.000000 0.000000 0.000000 0.000000 1.000000
0.999437 0.031329 -0.011974 0.000000 -0.033445 0.904291 -0.425605 14.544500 -0.002505 0.425766 0.904830 0.000000 0.000000 0.000000 0.000000 1.000000
0.999485 0.026950 -0.017411 0.000000 -0.031819 0.902305 -0.429923 14.544500 0.004124 0.430255 0.902698 0.000000 0.000000 0.000000 0.000000 1.000000
0.999651 0.012594 -0.023234 0.000000 -0.021536 0.897755 -0.439968 14.544500 0.015318 0.440315 0.897713 -0.000000 0.000000 0.000000 0.000000 1.000000</float_array>
        <technique_common>
          <accessor source="#mixamorig_Neck-Matrix-animation-output-transform-array" count="30" stride="16">
            <param type="float4x4"/>
          </accessor>
        </technique_common>
      </source>
      <source id="mixamorig_Neck-Interpolations">
        <Name_array id="mixamorig_Neck-Interpolations-array" count="30">
 LINEAR LINEAR LINEAR LINEAR LINEAR LINEAR LINEAR LINEAR LINEAR LINEAR LINEAR
LINEAR LINEAR LINEAR LINEAR LINEAR LINEAR LINEAR LINEAR LINEAR LINEAR LINEAR LINEAR
LINEAR LINEAR LINEAR LINEAR LINEAR LINEAR LINEAR</Name_array>
        <technique_common>
          <accessor source="#mixamorig_Neck-Interpolations-array" count="30">
            <param type="name"/>
          </accessor>
        </technique_common>
      </source>
      <sampler id="mixamorig_Neck-Matrix-animation-transform">
        <input semantic="INPUT" source="#mixamorig_Neck-Matrix-animation-input"/>
        <input semantic="OUTPUT" source="#mixamorig_Neck-Matrix-animation-output-transform"/>
        <input semantic="INTERPOLATION" source="#mixamorig_Neck-Interpolations"/>
      </sampler>
      <channel source="#mixamorig_Neck-Matrix-animation-transform" target="mixamorig_Neck/matrix"/>
    </animation>
    <animation id="mixamorig_Head-anim" name="mixamorig_Head">
      <source id="mixamorig_Head-Matrix-animation-input">
        <float_array id="mixamorig_Head-Matrix-animation-input-array" count="30">

0.000000 0.033333 0.066667 0.100000 0.133333 0.166667 0.200000 0.233333 0.266667 0.300000 0.333333 0.366667 0.400000 0.433333 0.466667 0.500000
0.533333 0.566667 0.600000 0.633333 0.666667 0.700000 0.733333 0.766667 0.800000 0.833333 0.866667 0.900000 0.933333 0.966667</float_array>
        <technique_common>
          <accessor source="#mixamorig_Head-Matrix-animation-input-array" count="30">
            <param name="TIME" type="float"/>
          </accessor>
        </technique_common>
      </source>
      <source id="mixamorig_Head-Matrix-animation-output-transform">
        <float_array id="mixamorig_Head-Matrix-animation-output-transform-array" count="480">

0.997739 -0.004970 -0.067030 -0.000000 0.020799 0.971145 0.237583 4.437900 0.063915 -0.238440 0.969052 -0.000000 0.000000 0.000000 0.000000 1.000000
0.997133 -0.014219 -0.074318 0.000000 0.030376 0.974787 0.221062 4.437900 0.069301 -0.222685 0.972424 0.000000 0.000000 0.000000 0.000000 1.000000
0.996778 -0.016211 -0.078555 -0.000000 0.032568 0.976797 0.211678 4.437900 0.073301 -0.213554 0.974177 0.000000 0.000000 0.000000 0.000000 1.000000
0.997361 -0.013316 -0.071365 -0.000000 0.028083 0.977271 0.210126 4.437900 0.066945 -0.211575 0.975066 -0.000000 0.000000 0.000000 0.000000 1.000000
0.997983 -0.007372 -0.063045 0.000000 0.020734 0.976610 0.214017 4.437900 0.059992 -0.214893 0.974793 0.000000 0.000000 0.000000 0.000000 1.000000
0.998450 -0.000655 -0.055655 -0.000000 0.013061 0.974767 0.222842 4.437900 0.054104 -0.223224 0.973265 0.000000 0.000000 0.000000 0.000000 1.000000
0.998653 0.008998 -0.051103 0.000000 0.003173 0.972418 0.233225 4.437900 0.051792 -0.233073 0.971079 0.000000 0.000000 0.000000 0.000000 1.000000
0.998745 0.019260 -0.046234 0.000000 -0.008071 0.972927 0.230970 4.437900 0.049430 -0.230307 0.971862 0.000000 0.000000 0.000000 0.000000 1.000000
0.998765 0.026206 -0.042215 -0.000000 -0.016315 0.975464 0.219553 4.437900 0.046933 -0.218593 0.974687 0.000000 0.000000 0.000000 0.000000 1.000000
0.998939 0.022628 -0.040109 -0.000000 -0.013900 0.978489 0.205832 4.437900 0.043903 -0.205057 0.977765 -0.000000 0.000000 0.000000 0.000000 1.000000
0.999106 0.017336 -0.038557 0.000000 -0.009168 0.979202 0.202680 4.437900 0.041268 -0.202145 0.978486 0.000000 0.000000 0.000000 0.000000 1.000000
0.999299 0.011208 -0.035727 0.000000 -0.003276 0.976658 0.214774 4.437900 0.037300 -0.214506 0.976010 0.000000 0.000000 0.000000 0.000000 1.000000
0.999393 0.004566 -0.034527 0.000000 0.003501 0.973177 0.230032 4.437900 0.034651 -0.230013 0.972570 0.000000 0.000000 0.000000 0.000000 1.000000
0.999565 0.005405 -0.029006 0.000000 0.001769 0.970331 0.241776 4.437900 0.029452 -0.241722 0.969899 0.000000 0.000000 0.000000 0.000000 1.000000
0.999840 0.014514 -0.010441 -0.000000 -0.011483 0.968888 0.247232 4.437900 0.013704 -0.247073 0.968900 -0.000000 0.000000 0.000000 0.000000 1.000000
0.999685 0.022305 0.011545 0.000000 -0.024464 0.968790 0.246674 4.437900 -0.005683 -0.246878 0.969030 -0.000000 0.000000 0.000000 0.000000 1.000000
0.999347 0.024167 0.026860 0.000000 -0.029930 0.970142 0.240685 4.437900 -0.020241 -0.241332 0.970232 0.000000 0.000000 0.000000 0.000000 1.000000
0.999236 0.021833 0.032414 0.000000 -0.028940 0.970770 0.238261 4.437900 -0.026265 -0.239017 0.970660 0.000000 0.000000 0.000000 0.000000 1.000000
0.999407 0.017171 0.029853 0.000000 -0.023872 0.970193 0.241156 4.437900 -0.024822 -0.241725 0.970027 0.000000 0.000000 0.000000 0.000000 1.000000
0.999616 0.014243 0.023787 -0.000000 -0.019762 0.967790 0.250980 4.437900 -0.019446 -0.251354 0.967700 0.000000 0.000000 0.000000 0.000000 1.000000
0.999763 0.011585 0.018444 0.000000 -0.015935 0.966326 0.256826 4.437900 -0.014848 -0.257059 0.966282 0.000000 0.000000 0.000000 0.000000 1.000000
0.999917 0.006868 0.010873 -0.000000 -0.009401 0.967267 0.253588 4.437900 -0.008775 -0.253669 0.967251 0.000000 0.000000 0.000000 0.000000 1.000000
0.999978 0.003244 0.005861 0.000000 -0.004575 0.969815 0.243799 4.437900 -0.004893 -0.243820 0.969808 0.000000 0.000000 0.000000 0.000000 1.000000
0.999973 0.001287 0.007256 0.000000 -0.002908 0.973656 0.228002 4.437900 -0.006771 -0.228017 0.973634 0.000000 0.000000 0.000000 0.000000 1.000000
0.999971 0.005838 0.004901 0.000000 -0.006751 0.976830 0.213909 4.437900 -0.003539 -0.213936 0.976841 0.000000 0.000000 0.000000 0.000000 1.000000
0.999857 0.016550 0.003544 0.000000 -0.016925 0.976003 0.217099 4.437900 0.000134 -0.217128 0.976143 0.000000 0.000000 0.000000 0.000000 1.000000
0.999717 0.023552 -0.003459 -0.000000 -0.022151 0.973609 0.227145 4.437900 0.008717 -0.227004 0.973855 0.000000 0.000000 0.000000 0.000000 1.000000
0.999628 0.022085 -0.016004 0.000000 -0.017729 0.972067 0.234031 4.437900 0.020725 -0.233661 0.972097 0.000000 0.000000 0.000000 0.000000 1.000000
0.999041 0.008644 -0.042927 0.000000 0.001782 0.971487 0.237086 4.437900 0.043752 -0.236935 0.970540 -0.000000 0.000000 0.000000 0.000000 1.000000
0.997739 -0.004970 -0.067030 0.000000 0.020799 0.971145 0.237583 4.437900 0.063915 -0.238440 0.969052 0.000000 0.000000 0.000000 0.000000 1.000000</float_array>
        <technique_common>
          <accessor source="#mixamorig_Head-Matrix-animation-output-transform-array" count="30" stride="16">
            <param type="float4x4"/>
          </accessor>
        </technique_common>
      </source>
      <source id="mixamorig_Head-Interpolations">
        <Name_array id="mixamorig_Head-Interpolations-array" count="30">
 LINEAR LINEAR LINEAR LINEAR LINEAR LINEAR LINEAR LINEAR LINEAR LINEAR LINEAR
LINEAR LINEAR LINEAR LINEAR LINEAR LINEAR LINEAR LINEAR LINEAR LINEAR LINEAR LINEAR
LINEAR LINEAR LINEAR LINEAR LINEAR LINEAR LINEAR</Name_array>
        <technique_common>
          <accessor source="#mixamorig_Head-Interpolations-array" count="30">
            <param type="name"/>
          </accessor>
        </technique_common>
      </source>
      <sampler id="mixamorig_Head-Matrix-animation-transform">
        <input semantic="INPUT" source="#mixamorig_Head-Matrix-animation-input"/>
        <input semantic="OUTPUT" source="#mixamorig_Head-Matrix-animation-output-transform"/>
        <input semantic="INTERPOLATION" source="#mixamorig_Head-Interpolations"/>
      </sampler>
